_RAJ2         _DEJ2                                    c        RA195       DE195       B25.5  SB25.5 5 (ar p _RA.icr     _DE.icr    
000 ("h:m:s") 000 ("d:m:s") Num CGCG     NGC_IC UGC    z (km/s) 0 ("h:m:s") 0 ("d:m:s") (mag)  (mag)  csec) e s ("h:m:s") s ("d:m:s")
-- -- ------- --- -- ------ --- -------- ------ ------ -------- -- -- ----- --- -- ---- ------ ------ ----- - -- -- ----- --- -- ----
12 38 13.3486 +28 56 11.962   1 Z159037  N4585                  12 35 45.56 +29 12 41.0  14.70  22.88   9.7 L 12 38 13.35 +28 56 12.0
12 38 45.6863 +31 52 49.062   2                                 12 36 18.74 +32 09 17.7  15.86  23.42   6.8 L 12 38 45.69 +31 52 49.1
12 38 48.0730 +32 05 30.292   3                 U7812           12 36 21.19 +32 21 58.9  14.20  22.70  11.1 L 12 38 48.07 +32 05 30.3
12 38 48.7993 +31 59 04.900   4                                 12 36 21.89 +32 15 33.5  14.45  23.29   8.9 E 12 38 48.80 +31 59 04.9
12 39 00.5379 +28 18 53.017   5                                 12 36 32.72 +28 35 21.5  15.83  23.39   4.6 E 12 39 00.54 +28 18 53.0
12 39 07.9576 +30 24 23.619   6                 U7818      7019 12 36 40.69 +30 40 52.0  15.30  23.38   6.6 E 12 39 07.96 +30 24 23.6
12 39 11.4464 +28 00 19.246   7                                 12 36 43.58 +28 16 47.6  15.94  23.15   4.1 E 12 39 11.45 +28 00 19.2
12 39 12.2889 +27 44 35.754   8 Z159042                    8041 12 36 44.36 +28 01 04.1  15.56  23.11   4.7 E 12 39 12.29 +27 44 35.8
12 39 17.1672 +26 40 40.506   9 Z159041  I3618             6536 12 36 48.99 +26 57 08.8  15.63  23.31   5.4 E 12 39 17.17 +26 40 40.5
12 39 18.0035 +27 54 30.824  10 Z159044  I3620             6574 12 36 50.13 +28 10 59.1  15.77  23.17   6.4 L 12 39 18.00 +27 54 30.8
12 39 18.5729 +28 54 14.437  11 Z159045                    7321 12 36 50.95 +29 10 42.7  15.34  22.95   6.0 U 12 39 18.57 +28 54 14.4
12 39 18.9147 +27 46 24.334  12 Z159043                    6699 12 36 51.01 +28 02 52.6  15.24  23.06   5.4 E 12 39 18.91 +27 46 24.3
12 39 18.2990 +31 59 23.454  13                                 12 36 51.48 +32 15 51.7  15.40  23.38  10.0 L 12 39 18.30 +31 59 23.5
12 39 27.7279 +27 06 08.536  14 Z159046  I3623             6987 12 36 59.68 +27 22 36.7  15.07  23.51   6.9 E 12 39 27.73 +27 06 08.5
12 39 31.7637 +25 40 38.176  15                                 12 37 03.38 +25 57 06.3  15.95  23.50   7.4 L 12 39 31.76 +25 40 38.2
12 40 01.1187 +27 05 23.144  16                                 12 37 33.15 +27 21 50.9  15.78  22.73   3.4 E 12 40 01.12 +27 05 23.1
12 40 11.3114 +31 10 37.896  17                                 12 37 44.43 +31 27 05.5  15.52  23.11   7.0 L 12 40 11.31 +31 10 37.9
12 40 25.4377 +24 54 13.930  18                                 12 37 56.99 +25 10 41.4  15.96  23.55   4.9 E 12 40 25.44 +24 54 13.9
12 40 38.6080 +26 31 34.105  19 Z159049  I3645             6559 12 38 10.59 +26 48 01.4  15.57  23.13   6.4 L 12 40 38.61 +26 31 34.1
12 40 46.4161 +27 33 52.709  20                                 12 38 18.68 +27 50 19.9  15.93  23.13   5.5 L 12 40 46.42 +27 33 52.7
12 40 52.8728 +26 43 40.785  21 Z159050  I3651  U7835      4732 12 38 24.94 +27 00 07.9  14.52  23.53  10.3 E 12 40 52.87 +26 43 40.8
12 40 56.2643 +29 27 56.345  22 Z159052         U7836      9374 12 38 29.05 +29 44 23.4  14.83  23.11  11.9 L 12 40 56.26 +29 27 56.3
12 40 57.9995 +27 58 53.157  23 Z159051                    7885 12 38 30.40 +28 15 20.2  15.91  23.60   9.2 L 12 40 58.00 +27 58 53.2
12 41 14.2091 +26 44 08.754  24 Z159054                    4485 12 38 46.33 +27 00 35.6  15.61  23.80   8.3 E 12 41 14.21 +26 44 08.8
12 41 16.4058 +27 51 11.089  25 Z159055         U7845      7737 12 38 48.82 +28 07 37.9  15.47  23.38   9.3 L 12 41 16.41 +27 51 11.1
12 41 20.1318 +30 07 17.452  26 Z159056                    8184 12 38 53.16 +30 23 44.2  14.99  23.30   9.1 L 12 41 20.13 +30 07 17.5
12 41 24.9116 +31 28 54.421  27                                 12 38 58.33 +31 45 21.1  15.82  23.54   5.2 E 12 41 24.91 +31 28 54.4
12 41 28.9383 +26 05 18.837  28 Z129016  N4613             4979 12 39 00.93 +26 21 45.5  15.61  22.94   6.0 L 12 41 28.94 +26 05 18.8
12 41 31.4540 +26 02 33.669  29 Z129015  N4614  U7851      4801 12 39 03.44 +26 19 00.3  14.34  23.23   8.8 E 12 41 31.45 +26 02 33.7
12 41 37.6121 +26 04 19.947  30 Z129018  N4615  U7852      4716 12 39 09.62 +26 20 46.5  13.99  22.94  14.9 L 12 41 37.61 +26 04 19.9
12 41 37.8386 +31 59 31.090  31                                 12 39 11.44 +32 15 57.6  15.83  24.15  12.1 L 12 41 37.84 +31 59 31.1
12 41 51.3810 +23 30 38.807  32                                 12 39 22.78 +23 47 05.2  15.32  23.19   8.4 L 12 41 51.38 +23 30 38.8
12 41 56.3259 +26 58 14.994  33                                 12 39 28.61 +27 14 41.3  15.95  23.30   6.2 L 12 41 56.33 +26 58 15.0
12 42 00.0629 +32 34 26.280  34          N4627  U7860       828 12 39 33.90 +32 50 52.5  13.11  23.45  23.5 L 12 42 00.06 +32 34 26.3
12 42 06.5729 +32 32 23.864  35 Z188016  N4631  U7865           12 39 40.42 +32 48 50.0   9.82  22.44  75.4 L 12 42 06.57 +32 32 23.9
12 42 09.1876 +30 02 21.781  35                                 12 39 42.33 +30 18 47.9  15.00  21.92   3.6   12 42 09.19 +30 02 21.8
12 42 45.1174 +27 07 03.130  36 Z159057                    6528 12 40 17.56 +27 23 28.8  15.59  23.47   8.0 L 12 42 45.12 +27 07 03.1
12 42 48.6057 +26 38 22.973  37 Z159058                    6805 12 40 20.93 +26 54 48.6  15.50  23.18   7.2 L 12 42 48.61 +26 38 23.0
12 43 05.9356 +24 27 03.087  38                                 12 40 37.73 +24 43 28.5  15.81  23.97   9.6 E 12 43 05.94 +24 27 03.1
12 43 05.3267 +27 42 51.101  39 Z159059         U7890      7492 12 40 37.98 +27 59 16.5  14.92  22.87   8.4 L 12 43 05.33 +27 42 51.1
12 43 07.0221 +32 29 26.956  40                                 12 40 41.04 +32 45 52.3  14.35  22.31   7.1 L 12 43 07.02 +32 29 27.0
12 43 13.9566 +31 05 04.939  41 Z159061                    7101 12 40 47.58 +31 21 30.2  14.76  23.45  12.6 L 12 43 13.96 +31 05 04.9
12 43 28.7197 +29 27 59.925  42 Z159062                    9303 12 41 01.92 +29 44 25.0  15.47  23.56   8.2 U 12 43 28.72 +29 27 59.9
12 43 53.0097 +26 51 47.333  43 Z159063                    7552 12 41 25.55 +27 08 12.1  15.66  23.32   6.0 E 12 43 53.01 +26 51 47.3
12 43 58.9599 +32 10 23.050  44 Z159065  N4656                  12 41 33.04 +32 26 47.7  11.03  23.07  49.8 L 12 43 58.96 +32 10 23.0
12 44 03.0769 +29 54 57.091  45                                 12 41 36.50 +30 11 21.7  15.88  23.38   7.5 L 12 44 03.08 +29 54 57.1
12 44 03.4369 +28 54 03.088  46 Z159064                    7265 12 41 36.57 +29 10 27.7  15.35  23.03   5.8 E 12 44 03.44 +28 54 03.1
12 44 15.2874 +32 16 53.773  47                                 12 41 49.45 +32 33 18.2  13.92  23.80   8.2 E 12 44 15.29 +32 16 53.8
12 44 26.3076 +27 11 33.588  48                                 12 41 59.02 +27 27 57.9  15.94  23.27   5.9 L 12 44 26.31 +27 11 33.6
12 44 38.2874 +28 28 19.461  49 Z159067                     951 12 42 11.39 +28 44 43.6  14.78  23.31   9.0 E 12 44 38.29 +28 28 19.5
12 44 41.2548 +26 25 10.288  50 Z159066                    4544 12 42 13.79 +26 41 34.4  15.20  23.38   8.5 L 12 44 41.25 +26 25 10.3
12 44 44.2071 +27 53 28.639  51 Z159068                    6375 12 42 17.16 +28 09 52.7  15.59  23.36   8.7 L 12 44 44.21 +27 53 28.6
12 44 51.8063 +30 52 31.864  51                                 12 42 25.65 +31 08 55.8  15.53  22.33   3.4   12 44 51.81 +30 52 31.9
12 45 14.9104 +31 06 15.086  52                                 12 42 48.89 +31 22 38.7  15.72  22.97   3.4 E 12 45 14.91 +31 06 15.1
12 45 16.9218 +27 07 30.287  53 Z159069  N4670  U7930      1051 12 42 49.74 +27 23 53.9  13.13  22.45   8.2 E 12 45 16.92 +27 07 30.3
12 45 18.3493 +30 50 43.833  53                                 12 42 52.26 +31 07 07.4  14.59  21.86   3.5   12 45 18.35 +30 50 43.8
12 45 28.0085 +30 37 32.466  54                                 12 43 01.88 +30 53 55.9  15.71  23.18   5.1 E 12 45 28.01 +30 37 32.5
12 45 34.6365 +27 03 38.634  55 Z159070  N4673  U7933      6938 12 43 07.48 +27 20 02.0  14.06  22.92   6.8 E 12 45 34.64 +27 03 38.6
12 45 36.1392 +28 07 10.463  56                                 12 43 09.29 +28 23 33.8  15.98  23.46   5.7 E 12 45 36.14 +28 07 10.5
12 45 43.4940 +29 25 59.975  57 Z159071                    6924 12 43 17.05 +29 42 23.2  15.64  23.62   9.8 L 12 45 43.49 +29 26 00.0
12 46 02.4325 +31 19 49.156  58                                 12 43 36.62 +31 36 12.1  15.35  21.47   4.8 L 12 46 02.43 +31 19 49.2
12 46 04.1128 +29 21 04.266  58                                 12 43 37.70 +29 37 27.2  15.73  21.82   4.4   12 46 04.11 +29 21 04.3
12 46 11.2618 +26 54 14.850  58                                 12 43 44.15 +27 10 37.7  15.76  22.23   3.6   12 46 11.26 +26 54 14.8
12 46 10.4946 +30 43 59.567  59                            6651 12 43 44.52 +31 00 22.4  14.13  23.95  18.9 E 12 46 10.49 +30 43 59.6
12 46 11.2758 +30 43 20.778  60 Z159072  N4676B U7939      6517 12 43 45.30 +30 59 43.6  14.87  23.06   7.7 U 12 46 11.28 +30 43 20.8
12 46 26.6404 +30 12 35.693  60                                 12 44 00.55 +30 28 58.3  15.41  22.69   3.6   12 46 26.64 +30 12 35.7
12 46 42.7149 +27 53 44.907  60                                 12 44 15.97 +28 10 07.3  15.31  21.90   3.8   12 46 42.71 +27 53 44.9
12 46 44.5067 +29 44 06.546  61 Z159073  I 818             4675 12 44 18.32 +30 00 28.9  15.28  22.95   6.7 L 12 46 44.51 +29 44 06.5
12 46 48.3740 +25 21 42.771  61                                 12 44 20.91 +25 38 05.1  15.62  21.95   7.1   12 46 48.37 +25 21 42.8
12 46 55.3933 +26 33 51.081  62 Z159074                     808 12 44 28.29 +26 50 13.3  15.22  23.29   6.4 E 12 46 55.39 +26 33 51.1
12 47 08.9490 +27 47 34.686  63                            7459 12 44 42.24 +28 03 56.7  14.25  21.12   4.8 L 12 47 08.95 +27 47 34.7
12 47 11.7007 +26 42 47.218  64                 U7955      6761 12 44 44.68 +26 59 09.2  15.71  23.57   9.6 L 12 47 11.70 +26 42 47.2
12 47 26.0867 +29 47 15.050  65 Z159076  I 821  U7957      6739 12 45 00.03 +30 03 36.8  14.87  23.16  14.0 L 12 47 26.09 +29 47 15.0
12 47 28.3203 +27 27 27.766  66 Z159075                    6610 12 45 01.56 +27 43 49.5  15.21  22.90   6.0 U 12 47 28.32 +27 27 27.8
12 47 37.0124 +28 38 12.202  66                                 12 45 10.63 +28 54 33.8  15.42  22.48   3.6   12 47 37.01 +28 38 12.2
12 47 41.9384 +26 58 53.262  67 Z159077         U7959      7150 12 45 15.07 +27 15 14.8  14.71  23.04   5.9 E 12 47 41.94 +26 58 53.3
12 47 45.6420 +30 04 37.339  68                                 12 45 19.73 +30 20 58.8  15.24  23.93   9.6 E 12 47 45.64 +30 04 37.3
12 47 55.2739 +27 13 19.760  69 Z159078  N4692  U7967      8018 12 45 28.51 +27 29 41.1  14.01  23.47  11.2 E 12 47 55.27 +27 13 19.8
12 48 05.1220 +26 38 44.602  70                                 12 45 38.21 +26 55 05.8  15.68  23.34   5.7 E 12 48 05.12 +26 38 44.6
12 48 24.0131 +26 51 27.984  71 Z159079                         12 45 57.21 +27 07 48.9  15.04  23.02   5.8 E 12 48 24.01 +26 51 28.0
12 48 31.7558 +30 13 40.225  72                                 12 46 06.02 +30 30 01.0  15.95  23.51   6.6 U 12 48 31.76 +30 13 40.2
12 48 42.0720 +26 25 02.251  73 Z159080                    7098 12 46 15.18 +26 41 22.9  15.54  23.14   7.5 L 12 48 42.07 +26 25 02.3
12 48 50.0449 +26 20 40.971  73                                 12 46 23.15 +26 37 01.5  15.84  22.13   3.9   12 48 50.04 +26 20 41.0
12 49 01.4544 +27 10 43.049  74                                 12 46 34.84 +27 27 03.4  15.96  22.89   6.1 L 12 49 01.45 +27 10 43.0
12 49 02.4991 +26 53 35.162  75                                 12 46 35.80 +27 09 55.5  15.92  23.00   4.7 U 12 49 02.50 +26 53 35.2
12 49 04.0507 +28 56 06.601  75                                 12 46 37.99 +29 12 26.9  15.24  22.10   3.7   12 49 04.05 +28 56 06.6
12 49 03.5882 +30 55 35.909  76 Z159081                    8071 12 46 38.17 +31 11 56.2  15.96  23.79  10.5 L 12 49 03.59 +30 55 35.9
12 49 08.8079 +27 22 07.061  77                                 12 46 42.27 +27 38 27.3  16.00  22.79   4.2 U 12 49 08.81 +27 22 07.1
12 49 34.1852 +25 28 12.733  78 Z129025  N4712  U7977      4379 12 47 07.13 +25 44 32.6  13.63  23.23  22.7 L 12 49 34.19 +25 28 12.7
12 49 36.9696 +30 50 44.316  79 Z159082         U7978      8159 12 47 11.62 +31 07 04.1  14.89  23.26  12.2 L 12 49 36.97 +30 50 44.3
12 49 40.6193 +25 46 21.034  80                                 12 47 13.67 +26 02 40.8  15.83  24.17  11.2 L 12 49 40.62 +25 46 21.0
12 49 42.2730 +26 53 30.068  81 Z159083                    7429 12 47 15.67 +27 09 49.8  14.77  23.37   7.8 E 12 49 42.27 +26 53 30.1
12 49 47.3716 +32 04 50.084  82 Z159084                    9604 12 47 22.47 +32 21 09.7  15.20  23.40  10.7 L 12 49 47.37 +32 04 50.1
12 49 57.8737 +27 49 20.114  83 Z159085  N4715  U7986      6922 12 47 31.60 +28 05 39.6  14.28  23.87  17.4 E 12 49 57.87 +27 49 20.1
12 50 06.0983 +25 01 18.820  84 Z129026                    1221 12 47 38.98 +25 17 38.2  15.54  23.46   7.5 U 12 50 06.10 +25 01 18.8
12 50 13.3738 +26 46 33.646  85                                 12 47 46.81 +27 02 52.9  15.89  23.74   6.2 E 12 50 13.37 +26 46 33.6
12 50 19.8862 +27 19 25.451  86 Z159086  N4721             7858 12 47 53.51 +27 35 44.6  15.36  23.00   5.5 E 12 50 19.89 +27 19 25.5
12 50 26.6063 +25 30 05.842  87 Z129027  N4725  U7989      1206 12 47 59.68 +25 46 24.9  10.38  23.23  79.0 L 12 50 26.61 +25 30 05.8
12 50 26.6029 +26 42 31.551  88                                 12 48 00.05 +26 58 50.6  15.88  23.19   4.7 E 12 50 26.60 +26 42 31.6
12 50 28.1308 +27 26 04.280  89 Z159087  N4728             6509 12 48 01.81 +27 42 23.3  15.14  23.51   6.9 E 12 50 28.13 +27 26 04.3
12 50 31.4038 +30 50 49.556  90 Z159088                    9186 12 48 06.21 +31 07 08.5  15.40  23.36   8.4 L 12 50 31.40 +30 50 49.6
12 50 37.4907 +27 25 28.326  91                                 12 48 11.19 +27 41 47.2  15.92  23.62   8.9 L 12 50 37.49 +27 25 28.3
12 50 53.9860 +27 50 30.287  92 Z159089                    7468 12 48 27.86 +28 06 48.9  15.03  23.48   7.5 E 12 50 53.99 +27 50 30.3
12 50 56.8293 +30 35 21.652  92                                 12 48 31.62 +30 51 40.2  15.19  21.67   3.5   12 50 56.83 +30 35 21.7
12 51 01.7820 +28 55 41.518  93 Z159091  N4735             6459 12 48 36.03 +29 12 00.0  15.00  23.20   8.0 L 12 51 01.78 +28 55 41.5
12 51 03.5438 +27 22 10.434  94 Z159090                    8354 12 48 37.29 +27 38 28.9  15.47  23.40   9.4 L 12 51 03.54 +27 22 10.4
12 51 05.6087 +27 48 17.070  95                                 12 48 39.50 +28 04 35.5  15.99  22.93   4.6 L 12 51 05.61 +27 48 17.1
12 51 08.9493 +28 47 17.630  96 Z159092  N4738  U7999      4765 12 48 43.17 +29 03 36.0  14.50  23.22  11.8 L 12 51 08.95 +28 47 17.6
12 51 17.9030 +27 06 21.258  97 Z159093                    5445 12 48 51.60 +27 22 39.5  15.45  23.48   9.1 L 12 51 17.90 +27 06 21.3
12 51 20.0019 +31 03 34.122  98 Z159095  I 826             6937 12 48 55.02 +31 19 52.3  15.10  22.93   7.8 L 12 51 20.00 +31 03 34.1
12 51 26.1314 +27 25 15.891  99 Z159094  N4745             7181 12 48 59.95 +27 41 34.0  15.46  23.19   6.6 U 12 51 26.13 +27 25 15.9
12 51 37.9777 +31 21 10.509 100 Z159096         U8004      6187 12 49 13.15 +31 37 28.4  14.94  23.72  15.1 L 12 51 37.98 +31 21 10.5
12 51 39.4801 +27 37 52.205 101                                 12 49 13.40 +27 54 10.1  15.66  22.90   5.9 L 12 51 39.48 +27 37 52.2
12 51 43.7411 +27 57 45.075 102                            6984 12 49 17.78 +28 14 02.9  15.74  23.40   6.6 U 12 51 43.74 +27 57 45.1
12 51 47.3251 +25 46 44.016 103 Z129028  N4747  U8005           12 49 20.67 +26 03 01.8  12.91  23.84  34.3 L 12 51 47.33 +25 46 44.0
12 52 00.3242 +26 09 32.027 104                                 12 49 33.82 +26 25 49.6  15.97  23.57   7.5 L 12 52 00.32 +26 09 32.0
12 52 05.4567 +27 35 45.820 105 Z159098                    8186 12 49 39.43 +27 52 03.3  15.36  23.50   6.2 E 12 52 05.46 +27 35 45.8
12 52 06.8694 +27 01 32.839 106 Z159097                    6477 12 49 40.66 +27 17 50.3  15.69  22.83   5.7 L 12 52 06.87 +27 01 32.8
12 52 08.9272 +27 28 36.775 107                                 12 49 42.87 +27 44 54.2  15.56  23.80   8.7 E 12 52 08.93 +27 28 36.8
12 52 11.9365 +26 52 26.019 108                                 12 49 45.69 +27 08 43.4  15.89  24.08  10.4 E 12 52 11.94 +26 52 26.0
12 52 16.2606 +27 31 57.994 109                                 12 49 50.24 +27 48 15.3  15.81  23.70   8.8 L 12 52 16.26 +27 31 58.0
12 52 17.7137 +27 05 06.314 110                                 12 49 51.55 +27 21 23.6  15.91  23.68   7.6 U 12 52 17.71 +27 05 06.3
12 52 36.2583 +26 44 58.711 111 Z159099         U8013      7981 12 50 10.03 +27 01 15.7  15.65  23.95  11.4 L 12 52 36.26 +26 44 58.7
12 52 41.0719 +26 21 55.686 112                                 12 50 14.73 +26 38 12.6  15.98  23.29   5.6 U 12 52 41.07 +26 21 55.7
12 52 44.0309 +26 28 12.535 113 Z159100  I 831             6366 12 50 17.73 +26 44 29.4  15.18  23.27   6.3 E 12 52 44.03 +26 28 12.5
12 52 48.9030 +27 24 06.122 114 Z159101                    7835 12 50 22.92 +27 40 22.9  15.79  22.90   5.3 L 12 52 48.90 +27 24 06.1
12 52 53.4870 +28 22 15.304 115 Z159102         U8017      7036 12 50 27.84 +28 38 32.0  14.61  22.78   9.1 L 12 52 53.49 +28 22 15.3
12 53 02.9371 +32 06 25.287 116 Z159103                    6997 12 50 38.63 +32 22 41.8  15.04  23.22   8.6 L 12 53 02.94 +32 06 25.3
12 53 10.1661 +25 16 41.753 117 Z129029                    1231 12 50 43.54 +25 32 58.2  15.84  22.99   5.7 L 12 53 10.17 +25 16 41.8
12 53 16.0285 +27 05 39.663 118 Z159104                    6150 12 50 50.01 +27 21 56.0  14.87  23.38   8.6 E 12 53 16.03 +27 05 39.7
12 53 37.3416 +27 36 52.919 119                                 12 51 11.55 +27 53 08.9  15.71  22.89   5.8 L 12 53 37.34 +27 36 52.9
12 53 37.8530 +27 47 02.328 120                                 12 51 12.12 +28 03 18.3  15.71  23.08   5.1 E 12 53 37.85 +27 47 02.3
12 53 48.6514 +29 35 17.921 121 Z159107                   13741 12 51 23.57 +29 51 33.7  15.32  23.53   9.7 L 12 53 48.65 +29 35 17.9
12 53 51.5071 +28 58 45.564 122 Z159106                    7976 12 51 26.22 +29 15 01.3  15.75  23.26   6.9 L 12 53 51.51 +28 58 45.6
12 53 52.1580 +31 06 24.292 123                            8944 12 51 27.63 +31 22 40.0  15.52  23.41   7.8 L 12 53 52.16 +31 06 24.3
12 53 59.0617 +26 26 37.570 124 Z159105  I 832             7005 12 51 32.93 +26 42 53.2  14.99  23.38   7.5 E 12 53 59.06 +26 26 37.6
12 54 02.4687 +29 36 12.352 125 Z159100         U8025      6297 12 51 37.43 +29 52 27.9  14.78  23.23  10.3 L 12 54 02.47 +29 36 12.4
12 54 05.4769 +27 04 06.082 126 Z159111  N4787  U8026      7635 12 51 39.57 +27 20 21.6  15.45  23.39   6.8 E 12 54 05.48 +27 04 06.1
12 54 05.6892 +27 08 55.986 127 Z159109  N4789A U8024       374 12 51 39.81 +27 25 11.5  14.33  24.11  26.0 L 12 54 05.69 +27 08 56.0
12 54 09.9667 +28 05 31.465 128                                 12 51 44.42 +28 21 46.9  15.67  23.12   5.5 E 12 54 09.97 +28 05 31.5
12 54 15.9616 +27 18 12.559 129 Z159112  N4788             6459 12 51 50.16 +27 34 27.9  15.36  23.00   6.3 L 12 54 15.96 +27 18 12.6
12 54 18.9343 +27 04 04.407 130 Z159113  N4789  U8028      8354 12 51 53.06 +27 20 19.7  13.69  23.36  12.4 E 12 54 18.93 +27 04 04.4
12 54 32.9294 +28 22 36.052 131 Z159114                    7125 12 52 07.54 +28 38 51.1  15.37  23.43   8.3 L 12 54 32.93 +28 22 36.1
12 54 33.2463 +27 37 57.052 132                                 12 52 07.60 +27 54 12.1  15.89  23.54   7.2 L 12 54 33.25 +27 37 57.1
12 54 36.7963 +26 56 04.506 133 Z159115                    6202 12 52 10.92 +27 12 19.5  15.64  23.48   7.6 L 12 54 36.80 +26 56 04.5
12 54 40.7618 +28 56 18.689 134 Z159116  N4793  U8033           12 52 15.59 +29 12 33.6  12.40  23.02  19.6 E 12 54 40.76 +28 56 18.7
12 54 47.7452 +30 32 42.519 135                            6235 12 52 23.17 +30 48 57.3  15.87  23.31   6.4 L 12 54 47.75 +30 32 42.5
12 54 53.7319 +28 24 59.804 136 Z159119                    7495 12 52 28.41 +28 41 14.5  15.52  23.27   6.2 E 12 54 53.73 +28 24 59.8
12 54 55.1578 +27 24 45.620 137 Z159118  N4798  U8038      7838 12 52 29.49 +27 41 00.3  14.24  23.59  13.2 E 12 54 55.16 +27 24 45.6
12 55 07.3820 +30 30 45.652 138                                 12 52 42.85 +30 47 00.1  15.89  23.39   5.4 E 12 55 07.38 +30 30 45.7
12 55 08.4374 +27 45 05.048 139                                 12 52 42.92 +28 01 19.5  15.66  22.99   4.7 E 12 55 08.44 +27 45 05.0
12 55 10.8730 +29 34 41.404 140                                 12 52 46.01 +29 50 55.8  15.89  22.98   4.8 U 12 55 10.87 +29 34 41.4
12 55 22.6295 +28 28 03.996 141 Z160016                    7177 12 52 57.40 +28 44 18.2  15.85  23.03   4.8 E 12 55 22.63 +28 28 04.0
12 55 25.0696 +27 47 50.732 142 Z160015                    7437 12 52 59.61 +28 04 04.9  15.32  23.67   9.4 E 12 55 25.07 +27 47 50.7
12 55 27.7924 +27 39 20.978 143 Z160018                    7087 12 53 02.29 +27 55 35.1  15.39  22.99   6.2 L 12 55 27.79 +27 39 21.0
12 55 29.0962 +27 31 16.299 144 Z160017  N4807  U8049      6941 12 53 03.55 +27 47 30.4  14.69  22.92   6.5 E 12 55 29.10 +27 31 16.3
12 55 35.0019 +27 03 39.996 144                                 12 53 09.31 +27 19 54.0  14.21  20.66   3.6   12 55 35.00 +27 03 40.0
12 55 34.3829 +29 32 30.306 144                                 12 53 09.57 +29 48 44.3  14.62  21.64   3.5   12 55 34.38 +29 32 30.3
12 55 41.2807 +27 15 01.606 145 Z160019  I3900             7171 12 53 15.67 +27 31 15.5  14.95  23.22   6.1 E 12 55 41.28 +27 15 01.6
12 56 06.0894 +27 40 39.137 146 Z160020                    4968 12 53 40.69 +27 56 52.6  15.72  22.75   4.3 E 12 56 06.09 +27 40 39.1
12 56 09.9208 +27 50 38.005 147                                 12 53 44.59 +28 06 51.4  15.95  23.30   6.0 L 12 56 09.92 +27 50 38.0
12 56 12.1603 +27 44 42.443 148 Z160021  N4816  U8057      6948 12 53 46.80 +28 00 55.8  13.99  23.80  17.8 E 12 56 12.16 +27 44 42.4
12 56 13.6175 +29 09 32.479 148                                 12 53 48.77 +29 25 45.8  15.91  22.12   3.4   12 56 13.62 +29 09 32.5
12 56 18.5515 +26 21 31.142 149 Z160022                    6292 12 53 52.72 +26 37 44.4  15.02  23.15   6.2 E 12 56 18.55 +26 21 31.1
12 56 18.5060 +29 48 27.270 150                                 12 53 53.91 +30 04 40.5  16.00  23.28   5.3 E 12 56 18.51 +29 48 27.3
12 56 19.8191 +27 45 03.076 151 Z160023                    7096 12 53 54.48 +28 01 16.3  15.66  23.31   5.1 E 12 56 19.82 +27 45 03.1
12 56 26.6038 +27 49 49.694 152 Z160027                    6665 12 54 01.31 +28 06 02.8  15.62  23.47   5.9 E 12 56 26.60 +27 49 49.7
12 56 27.8297 +26 59 14.109 153 Z160025  N4819  U8060      6404 12 54 02.24 +27 15 27.2  14.19  23.07  10.8 L 12 56 27.83 +26 59 14.1
12 56 28.4809 +27 17 27.623 154 Z160026  I3913             7487 12 54 03.00 +27 33 40.7  15.58  23.56   9.8 L 12 56 28.48 +27 17 27.6
12 56 29.0874 +26 57 24.031 155 Z160024  N4821             6974 12 54 03.49 +27 13 37.1  15.18  22.96   5.9 E 12 56 29.09 +26 57 24.0
12 56 29.9164 +27 56 22.653 156                            6750 12 54 04.67 +28 12 35.7  15.57  23.81   7.3 E 12 56 29.92 +27 56 22.7
12 56 32.0156 +27 03 18.882 157                                 12 54 06.46 +27 19 31.9  15.99  23.13   4.4 E 12 56 32.02 +27 03 18.9
12 56 34.1690 +27 32 19.224 158                                 12 54 08.79 +27 48 32.2  15.93  23.36   5.3 E 12 56 34.17 +27 32 19.2
12 56 42.8947 +28 01 12.780 159 Z160029  N4828             6134 12 54 17.71 +28 17 25.6  15.28  23.48   6.8 E 12 56 42.89 +28 01 12.8
12 56 43.5041 +27 10 42.484 160 Z160028  N4827  U8065      7619 12 54 18.02 +27 26 55.3  14.31  23.34  10.0 E 12 56 43.50 +27 10 42.5
12 56 44.0034 +30 43 07.822 161 Z160030                    7843 12 54 19.82 +30 59 20.6  15.30  23.35   5.5 E 12 56 44.00 +30 43 07.8
12 56 49.6293 +27 05 36.991 162 Z160031                    6849 12 54 24.13 +27 21 49.7  15.87  23.32   7.3 L 12 56 49.63 +27 05 37.0
12 56 51.0949 +26 53 54.515 163 Z160033                    6304 12 54 25.53 +27 10 07.2  15.39  23.30   6.8 E 12 56 51.09 +26 53 54.5
12 56 50.6440 +28 55 46.324 164 Z160034                    8019 12 54 25.81 +29 11 59.0  15.44  23.26   6.2 E 12 56 50.64 +28 55 46.3
12 56 52.3070 +26 29 14.333 165 Z160032  I 835             7774 12 54 26.60 +26 45 27.0  15.02  23.52  10.3 L 12 56 52.31 +26 29 14.3
12 56 56.6407 +28 37 23.426 166                                 12 54 31.71 +28 53 36.0  15.91  23.51   5.4 E 12 56 56.64 +28 37 23.4
12 56 55.8979 +32 26 51.845 167 Z188030                         12 54 32.42 +32 43 04.4  14.98  22.66   5.3 E 12 56 55.90 +32 26 51.8
12 56 57.9153 +30 42 57.566 168 Z160036                    7264 12 54 33.77 +30 59 10.1  14.86  22.95   7.2 U 12 56 57.92 +30 42 57.6
12 57 01.5863 +29 03 44.617 169 Z160035                    7516 12 54 36.83 +29 19 57.1  15.49  23.14   5.2 E 12 57 01.59 +29 03 44.6
12 57 07.5499 +25 15 31.491 169                                 12 54 41.45 +25 31 43.9  14.72  20.95   5.2   12 57 07.55 +25 15 31.5
12 57 09.4079 +27 27 58.242 170 Z160037                    7336 12 54 44.09 +27 44 10.6  15.49  23.06   5.1 E 12 57 09.41 +27 27 58.2
12 57 11.5165 +29 02 42.192 171 Z160038         U8069      7460 12 54 46.78 +29 18 54.5  14.76  23.53   7.8 E 12 57 11.52 +29 02 42.2
12 57 24.2899 +27 29 51.005 172 Z160039  N4839  U8070      7335 12 54 59.02 +27 46 03.1  13.40  23.90  23.4 E 12 57 24.29 +27 29 51.0
12 57 25.7987 +27 32 45.032 173 Z160040                    5517 12 55 00.55 +27 48 57.1  15.93  22.91   4.4 E 12 57 25.80 +27 32 45.0
12 57 28.4328 +28 10 34.084 174                                 12 55 03.42 +28 26 46.1  15.81  22.90   6.7 L 12 57 28.43 +28 10 34.1
12 57 29.9945 +28 11 16.212 175 Z160043                    7069 12 55 04.99 +28 27 28.2  15.43  23.24   7.2 L 12 57 29.99 +28 11 16.2
12 57 31.1365 +26 30 42.218 176 Z160041  I 837             7222 12 55 05.53 +26 46 54.2  15.52  23.36   7.8 L 12 57 31.14 +26 30 42.2
12 57 32.0431 +28 28 36.050 177 Z160044  N4841A U8072      6784 12 55 07.15 +28 44 48.0  13.79  23.49  14.0 E 12 57 32.04 +28 28 36.0
12 57 32.8380 +27 36 36.157 178 Z160042  N4840             6059 12 55 07.63 +27 52 48.1  14.90  23.26   6.4 E 12 57 32.84 +27 36 36.2
12 57 33.9363 +28 28 55.084 179          N4841B U8073      6266 12 55 09.05 +28 45 07.0  14.81  23.36   8.0 E 12 57 33.94 +28 28 55.1
12 57 35.8131 +27 29 34.909 180 Z160046  N4842A            7512 12 55 10.57 +27 45 46.8  15.37  22.98   5.2 E 12 57 35.81 +27 29 34.9
12 57 38.7952 +32 33 20.704 181 Z188031                         12 55 15.49 +32 49 32.5  15.67  23.20   7.5 L 12 57 38.80 +32 33 20.7
12 57 42.9967 +26 51 07.332 182 Z160045                    6511 12 55 17.54 +27 07 19.1  15.73  23.23   5.2 E 12 57 43.00 +26 51 07.3
12 57 41.4254 +31 16 29.540 183                                 12 55 17.62 +31 32 41.3  15.75  23.39   5.6 E 12 57 41.43 +31 16 29.5
12 57 48.0207 +27 52 58.530 184 Z160048                         12 55 22.95 +28 09 10.2  15.69  23.22   5.7 E 12 57 48.02 +27 52 58.5
12 57 48.6998 +28 10 48.645 185 Z160049                    7350 12 55 23.74 +28 27 00.3  15.96  23.09   4.6 E 12 57 48.70 +28 10 48.6
12 57 49.9557 +29 39 15.679 186 Z160050         U8076      5304 12 55 25.55 +29 55 27.3  15.11  23.50  11.3 L 12 57 49.96 +29 39 15.7
12 57 57.7907 +28 03 39.906 187                            8142 12 55 32.81 +28 19 51.4  15.98  23.57   6.4 E 12 57 57.79 +28 03 39.9
12 57 59.9817 +31 10 25.471 188 Z160054                   15673 12 55 36.19 +31 26 36.9  15.55  23.59   8.6 L 12 57 59.98 +31 10 25.5
12 58 01.5410 +27 29 21.968 189                                 12 55 36.36 +27 45 33.4  15.80  23.57   7.1 U 12 58 01.54 +27 29 22.0
12 58 02.3776 +26 51 33.478 190 Z160051         U8080      7410 12 55 36.97 +27 07 44.9  15.10  23.33   8.1 E 12 58 02.38 +26 51 33.5
12 58 03.1454 +26 54 56.592 191 Z160052                    7976 12 55 37.76 +27 11 08.0  15.90  23.24   5.2 E 12 58 03.15 +26 54 56.6
12 58 03.5268 +27 48 54.607 192 Z160053                    7198 12 55 38.47 +28 05 06.0  15.98  23.38   4.7 E 12 58 03.53 +27 48 54.6
12 58 05.5938 +28 14 33.647 193 Z160055  N4848  U8082      7227 12 55 40.70 +28 30 45.0  14.48  22.98   9.2 L 12 58 05.59 +28 14 33.6
12 58 09.9680 +24 20 56.093 194                                 12 55 43.69 +24 37 07.4  15.79  23.08   4.1 E 12 58 09.97 +24 20 56.1
12 58 09.3707 +28 42 29.619 195 Z160058                    7612 12 55 44.66 +28 58 40.9  15.33  23.50   9.6 L 12 58 09.37 +28 42 29.6
12 58 10.0581 +32 00 58.959 196 Z160060                    8001 12 55 46.63 +32 17 10.2  15.28  23.01   7.2 L 12 58 10.06 +32 00 59.0
12 58 12.5800 +26 23 47.157 197 Z160056  N4849  U8086      5885 12 55 47.03 +26 39 58.4  14.23  23.62  11.7 E 12 58 12.58 +26 23 47.2
12 58 13.4571 +26 25 35.773 198                                 12 55 47.92 +26 41 47.0  15.89  24.06  10.8 L 12 58 13.46 +26 25 35.8
12 58 13.3603 +28 56 53.392 199 Z160059                    7560 12 55 48.75 +29 13 04.6  15.33  22.88   5.9 L 12 58 13.36 +28 56 53.4
12 58 13.8252 +28 10 56.694 200                                 12 55 48.93 +28 27 07.9  15.97  23.79   7.2 E 12 58 13.83 +28 10 56.7
12 58 15.0332 +28 07 32.316 201 Z160057                    7405 12 55 50.12 +28 23 43.5  15.95  22.77   3.9 E 12 58 15.03 +28 07 32.3
12 58 18.2094 +29 07 43.181 202 Z160062                    7837 12 55 53.68 +29 23 54.3  15.52  23.23   6.7 U 12 58 18.21 +29 07 43.2
12 58 21.7178 +28 08 54.636 203 Z160061                    7785 12 55 56.83 +28 25 05.7  15.97  23.10   5.1 U 12 58 21.72 +28 08 54.6
12 58 21.8047 +27 58 03.136 204 Z160063  N4850             6086 12 55 56.85 +28 14 14.2  15.37  23.24   5.6 E 12 58 21.80 +27 58 03.1
12 58 26.9620 +29 36 44.543 205                                 12 56 02.64 +29 52 55.5  15.91  23.49   6.8 L 12 58 26.96 +29 36 44.5
12 58 30.1662 +28 00 52.587 206 Z160065                    7242 12 56 05.25 +28 17 03.5  15.14  23.48   7.2 E 12 58 30.17 +28 00 52.6
12 58 35.2107 +27 15 52.172 207 Z160064                    7368 12 56 10.03 +27 32 03.0  15.86  23.49   5.9 E 12 58 35.21 +27 15 52.2
12 58 35.1687 +27 35 45.874 208 Z160068  N4853  U8092      7652 12 56 10.11 +27 51 56.7  14.45  22.71   5.5 E 12 58 35.17 +27 35 45.9
12 58 36.2969 +27 06 14.491 209 Z160066                    7867 12 56 11.06 +27 22 25.3  15.37  23.51   6.8 E 12 58 36.30 +27 06 14.5
12 58 36.3438 +28 06 48.700 210 Z160069  I3943             6818 12 56 11.48 +28 22 59.5  15.54  23.12   5.2 E 12 58 36.34 +28 06 48.7
12 58 37.2083 +27 10 33.608 211 Z160067                    7664 12 56 12.00 +27 26 44.4  15.63  22.93   5.4 L 12 58 37.21 +27 10 33.6
12 58 43.2165 +28 54 36.131 212                                 12 56 18.67 +29 10 46.8  15.87  23.54   7.2 L 12 58 43.22 +28 54 36.1
12 58 47.3895 +27 40 27.796 213 Z160070  N4854             8077 12 56 22.39 +27 56 38.4  15.12  23.70   9.4 E 12 58 47.39 +27 40 27.8
12 58 46.7084 +32 11 30.422 214                                 12 56 23.46 +32 27 41.0  16.00  23.60   5.3 E 12 58 46.71 +32 11 30.4
12 58 48.5160 +27 48 38.618 215                                 12 56 23.57 +28 04 49.2  15.29  23.02   5.1 E 12 58 48.52 +27 48 38.6
12 58 48.6958 +27 48 36.621 216 Z160A01  I3946             6101 12 56 23.75 +28 04 47.2  15.33  22.93   5.2 E 12 58 48.70 +27 48 36.6
12 58 52.1267 +27 47 04.383 217 Z160A02  I3947                  12 56 27.18 +28 03 14.9  15.89  23.22   4.9 E 12 58 52.13 +27 47 04.4
12 58 56.0288 +27 49 59.654 218 Z160A03  I3949  U8096      7526 12 56 31.11 +28 06 10.1  15.12  22.86   6.8 L 12 58 56.03 +27 49 59.7
12 58 57.6434 +31 15 24.513 219 Z160072                         12 56 34.05 +31 31 34.9  15.60  23.52   6.1 E 12 58 57.64 +31 15 24.5
12 59 01.8511 +26 48 55.252 220 Z160071  N4859  U8097      7055 12 56 36.57 +27 05 05.6  14.71  23.49   9.1 E 12 59 01.85 +26 48 55.3
12 59 01.8074 +28 13 30.763 221 Z160A05                         12 56 37.05 +28 29 41.1  15.46  23.13   5.6 E 12 59 01.81 +28 13 30.8
12 59 02.0979 +28 06 55.667 222 Z160A04  N4858             9386 12 56 37.30 +28 23 06.0  15.86  22.86   5.3 L 12 59 02.10 +28 06 55.7
12 59 03.9203 +28 07 24.601 223 Z160A06  N4860             7862 12 56 39.13 +28 23 34.9  14.75  23.12   7.3 E 12 59 03.92 +28 07 24.6
12 59 05.3462 +27 38 38.623 224 Z160073                    5458 12 56 40.38 +27 54 48.9  15.24  23.27   6.7 E 12 59 05.35 +27 38 38.6
12 59 06.0526 +27 59 47.338 225 Z160A07  I3955             7715 12 56 41.22 +28 15 57.6  15.65  23.30   6.1 E 12 59 06.05 +27 59 47.3
12 59 07.5047 +27 46 03.263 226 Z160A09                         12 56 42.59 +28 02 13.5  15.95  23.14   4.9 E 12 59 07.50 +27 46 03.3
12 59 07.9411 +27 51 16.772 227 Z160A10  I3960             6709 12 56 43.06 +28 07 27.0  15.84  23.16   5.3 U 12 59 07.94 +27 51 16.8
12 59 08.1869 +27 47 02.376 228 Z160A08  I3957             6350 12 56 43.28 +28 03 12.6  15.37  23.31   5.9 E 12 59 08.19 +27 47 02.4
12 59 13.1423 +27 58 35.468 229 Z160A12  N4864             6760 12 56 48.32 +28 14 45.6  14.58  23.49   7.7 E 12 59 13.14 +27 58 35.5
12 59 13.5073 +27 46 27.473 230 Z160A11  I3963             6675 12 56 48.61 +28 02 37.6  15.86  23.42   6.1 E 12 59 13.51 +27 46 27.5
12 59 13.6757 +27 24 08.473 231 Z160074                    5627 12 56 48.64 +27 40 18.6  15.65  23.15   5.1 E 12 59 13.68 +27 24 08.5
12 59 13.9627 +28 04 34.784 232 Z160A14                    7799 12 56 49.18 +28 20 44.9  15.64  23.92   9.4 E 12 59 13.96 +28 04 34.8
12 59 13.9838 +31 05 19.209 233                                 12 56 50.37 +31 21 29.3  15.89  23.72   6.1 E 12 59 13.98 +31 05 19.2
12 59 15.2693 +27 58 13.507 234 Z160A13  N4867             4818 12 56 50.45 +28 14 23.6  15.67  22.89   4.5 E 12 59 15.27 +27 58 13.5
12 59 19.8648 +28 05 02.992 235 Z160A15  N4865  U8100      4660 12 56 55.10 +28 21 13.0  14.78  22.89   5.9 E 12 59 19.86 +28 05 03.0
12 59 20.0383 +30 01 28.011 236                                 12 56 56.02 +30 17 38.0  15.97  23.95   9.5 U 12 59 20.04 +30 01 28.0
12 59 23.3811 +27 54 40.755 237 Z160A16  N4869             6703 12 56 58.56 +28 10 50.7  15.02  23.20   6.6 E 12 59 23.38 +27 54 40.8
12 59 28.7989 +28 02 25.055 238                            5504 12 57 04.04 +28 18 34.9  15.86  22.04   4.9 L 12 59 28.80 +28 02 25.1
12 59 29.3793 +27 50 59.664 239 Z160A17  I3976             6950 12 57 04.55 +28 07 09.5  15.83  23.04   4.6 E 12 59 29.38 +27 50 59.7
12 59 30.0675 +27 57 21.778 240 Z160A18  N4871             6837 12 57 05.28 +28 13 31.6  15.54  23.08   6.1 L 12 59 30.07 +27 57 21.8
12 59 30.8428 +27 53 02.191 241 Z160A19  I3973             4745 12 57 06.03 +28 09 12.0  15.49  23.25   5.1 E 12 59 30.84 +27 53 02.2
12 59 29.8690 +31 20 07.903 242 Z160075                         12 57 06.40 +31 36 17.7  15.75  23.17   4.4 E 12 59 29.87 +31 20 07.9
12 59 31.4899 +28 02 45.704 243                            6871 12 57 06.74 +28 18 55.5  14.03  21.96   8.7 L 12 59 31.49 +28 02 45.7
12 59 32.7903 +27 59 00.128 244 Z160A20  N4873             5662 12 57 08.02 +28 15 09.9  15.61  22.85   5.4 L 12 59 32.79 +27 59 00.1
12 59 34.1309 +27 56 47.952 245 Z160A21  N4872             7145 12 57 09.35 +28 12 57.7  15.79  22.79   4.3 E 12 59 34.13 +27 56 48.0
12 59 35.8015 +27 57 36.683 246 Z160A22  N4874  U8103      7176 12 57 11.03 +28 13 46.4  12.77  24.03  40.2 E 12 59 35.80 +27 57 36.7
12 59 37.9561 +27 54 26.222 247 Z160A23  N4875             7834 12 57 13.17 +28 10 35.9  15.94  22.98   4.5 E 12 59 37.96 +27 54 26.2
12 59 39.1161 +28 53 43.852 248 Z160077  I3990             6217 12 57 14.71 +29 09 53.5  14.92  22.98   6.6 E 12 59 39.12 +28 53 43.9
12 59 39.7425 +28 55 35.264 249 Z160078  I3991             5901 12 57 15.35 +29 11 44.9  15.11  23.28  11.8 L 12 59 39.74 +28 55 35.3
12 59 40.1949 +28 37 51.670 250 Z160076                    5327 12 57 15.69 +28 54 01.3  15.79  23.39   7.1 L 12 59 40.19 +28 37 51.7
12 59 44.4180 +27 54 44.441 251 Z160A25  N4876             6654 12 57 19.65 +28 10 54.0  15.66  23.07   5.2 E 12 59 44.42 +27 54 44.4
12 59 46.7889 +27 58 25.185 252 Z160A27  I3998             9371 12 57 22.05 +28 14 34.7  15.99  23.20   5.5 L 12 59 46.79 +27 58 25.2
12 59 45.3743 +32 02 41.994 253 Z160080                    6818 12 57 22.24 +32 18 51.5  14.91  23.26  11.5 L 12 59 45.37 +32 02 42.0
12 59 47.1377 +27 42 36.590 254 Z160079                    8211 12 57 22.30 +27 58 46.1  15.13  22.76   6.2 L 12 59 47.14 +27 42 36.6
12 59 52.0586 +31 21 05.612 255                                 12 57 28.66 +31 37 15.0  15.75  23.86   6.9 E 12 59 52.06 +31 21 05.6
12 59 56.0225 +28 02 04.557 256 Z160A28  N4883             7961 12 57 31.33 +28 18 13.9  15.60  23.11   5.6 E 12 59 56.02 +28 02 04.6
12 59 57.7272 +28 14 47.790 257 Z160A29  N4881  U8106      6691 12 57 33.12 +28 30 57.1  14.72  23.56   8.7 E 12 59 57.73 +28 14 47.8
12 59 58.4024 +27 11 56.993 258                                 12 57 33.40 +27 28 06.3  15.77  23.63   7.2 E 12 59 58.40 +27 11 57.0
13 00 03.4829 +26 53 52.285 259 Z160081  N4892  U8108      5898 12 57 38.38 +27 10 01.5  14.65  22.98   8.7 L 13 00 03.48 +26 53 52.3
13 00 04.4393 +27 59 14.512 260 Z160A30  N4886             6218 12 57 39.75 +28 15 23.7  15.56  22.75   5.2 L 13 00 04.44 +27 59 14.5
13 00 08.0245 +27 58 35.078 261 Z160A32  N4889  U8110      6497 12 57 43.34 +28 14 44.2  12.58  23.81  30.6 E 13 00 08.02 +27 58 35.1
13 00 07.9956 +28 04 42.079 262 Z160A35  I4012             7228 12 57 43.35 +28 20 51.2  15.95  22.95   4.1 E 13 00 08.00 +28 04 42.1
13 00 14.0112 +28 49 41.697 263 Z160083                    7386 12 57 49.67 +29 05 50.7  15.30  23.62   8.2 E 13 00 14.01 +28 49 41.7
13 00 14.6830 +28 02 27.703 264 Z160A37  I4021             5712 12 57 50.04 +28 18 36.7  15.99  23.12   4.3 E 13 00 14.68 +28 02 27.7
13 00 17.8441 +27 23 13.856 265 Z160082                         12 57 52.96 +27 39 22.8  15.95  23.19   6.0 L 13 00 17.84 +27 23 13.9
13 00 17.8678 +27 57 19.261 266 Z160A39  N4898             6848 12 57 53.20 +28 13 28.2  14.85  22.75   5.7 E 13 00 17.87 +27 57 19.3
13 00 17.9030 +28 12 08.664 267 Z160A40  N4895  U8113      8446 12 57 53.33 +28 28 17.6  14.35  23.30   8.7 E 13 00 17.90 +28 12 08.7
13 00 22.1221 +28 02 48.341 268 Z160A41  I4026             8153 12 57 57.50 +28 18 57.2  15.80  23.46   6.1 E 13 00 22.12 +28 02 48.3
13 00 25.5957 +28 52 03.613 269 Z160085  I4032             6774 12 58 01.30 +29 08 12.4  15.42  23.49   6.9 E 13 00 25.60 +28 52 03.6
13 00 29.1152 +26 40 30.260 270 Z160084                    7208 12 58 03.99 +26 56 39.0  15.55  22.96   5.3 U 13 00 29.12 +26 40 30.3
13 00 30.7649 +28 20 46.005 271 Z160087  N4896  U8117      5823 12 58 06.28 +28 36 54.7  15.03  23.27   7.2 E 13 00 30.76 +28 20 46.0
13 00 33.6798 +27 38 16.153 272 Z160086                    7476 12 58 08.93 +27 54 24.8  15.75  23.37   6.8 L 13 00 33.68 +27 38 16.2
13 00 37.8784 +28 03 26.735 273 Z160A43  I4040             7633 12 58 13.30 +28 19 35.3  15.51  23.04   6.3 L 13 00 37.88 +28 03 26.7
13 00 38.7128 +28 00 51.751 274                            7020 12 58 14.12 +28 17 00.3  15.99  23.46   6.4 U 13 00 38.71 +28 00 51.8
13 00 39.7151 +27 55 26.169 275 Z160A44  N4906             7505 12 58 15.09 +28 11 34.7  15.47  23.26   6.2 E 13 00 39.72 +27 55 26.2
13 00 39.5399 +29 01 09.575 276 Z160088  I 842  U8118      7275 12 58 15.34 +29 17 18.1  14.75  23.03  12.8 L 13 00 39.54 +29 01 09.6
13 00 40.8145 +27 59 47.290 277 Z160A45  I4041             7114 12 58 16.22 +28 15 55.8  15.91  23.37   5.9 E 13 00 40.81 +27 59 47.3
13 00 42.7294 +27 58 16.226 278 Z160A46  I4042             8043 12 58 18.13 +28 14 24.7  15.39  23.19   5.8 E 13 00 42.73 +27 58 16.2
13 00 44.2341 +28 20 13.457 279 Z160089                    7997 12 58 19.78 +28 36 21.9  15.75  23.29   4.8 E 13 00 44.23 +28 20 13.5
13 00 48.6385 +28 05 26.037 280 Z160A47  I4045             6855 12 58 24.10 +28 21 34.4  15.21  23.10   5.5 E 13 00 48.64 +28 05 26.0
13 00 48.8317 +28 09 29.942 281 Z160A48  N4907             5807 12 58 24.32 +28 25 38.3  14.60  23.12  12.0 L 13 00 48.83 +28 09 29.9
13 00 49.9284 +27 24 21.156 282 Z160090         U8122      6925 12 58 25.13 +27 40 29.5  15.23  23.80  10.0 E 13 00 49.93 +27 24 21.2
13 00 51.4796 +28 02 35.390 283                                 12 58 26.93 +28 18 43.7  14.96  23.21   7.0 E 13 00 51.48 +28 02 35.4
13 00 51.5398 +28 02 32.391 284 Z160A49  N4908                  12 58 26.99 +28 18 40.7  14.94  23.08   7.3 U 13 00 51.54 +28 02 32.4
13 00 52.0630 +28 21 57.104 285 Z160091                    7680 12 58 27.64 +28 38 05.4  15.06  22.92   5.9 E 13 00 52.06 +28 21 57.1
13 00 54.5158 +28 00 26.647 286 Z160A50  I4051  U8129      4964 12 58 29.96 +28 16 34.9  14.56  23.59  10.9 E 13 00 54.52 +28 00 26.6
13 00 56.0956 +27 47 25.875 287 Z160A51  N4911  U8128      7973 12 58 31.46 +28 03 34.1  13.84  23.39  15.1 U 13 00 56.10 +27 47 25.9
13 00 59.2556 +27 53 59.035 288 Z160A52                    6907 12 58 34.67 +28 10 07.2  15.84  23.12   5.3 U 13 00 59.26 +27 53 59.0
13 01 02.7232 +29 14 10.812 289                                 12 58 38.67 +29 30 18.9  15.95  22.83   3.9 E 13 01 02.72 +29 14 10.8
13 01 17.5650 +27 48 32.780 290 Z160094  N4919  U8133      7110 12 58 52.99 +28 04 40.6  15.06  23.23   6.2 E 13 01 17.56 +27 48 32.8
13 01 22.8011 +28 11 45.882 291                                 12 58 58.39 +28 27 53.6  15.94  23.74   6.4 E 13 01 22.80 +28 11 45.9
13 01 24.5170 +29 18 28.825 292 Z160096  N4922  U8135           12 59 00.55 +29 34 36.5  14.25  23.04   8.8 E 13 01 24.52 +29 18 28.8
13 01 25.0662 +28 40 37.829 293 Z160098                    8909 12 59 00.85 +28 56 45.5  15.36  23.25   8.1 L 13 01 25.07 +28 40 37.8
13 01 25.2530 +29 18 47.139 294                                 12 59 01.29 +29 34 54.8  15.14  23.70  10.9 U 13 01 25.25 +29 18 47.1
13 01 26.0939 +27 53 09.542 295 Z160095  N4921  U8134      5475 12 59 01.57 +28 09 17.2  13.46  23.75  30.2 L 13 01 26.09 +27 53 09.5
13 01 31.7847 +27 50 50.650 296 Z160097  N4923             5458 12 59 07.26 +28 06 58.2  14.82  23.40   7.8 E 13 01 31.78 +27 50 50.6
13 01 33.5840 +29 07 49.995 297 Z160099  I 843  U8137      7500 12 59 09.57 +29 23 57.5  14.72  23.17   7.9 E 13 01 33.58 +29 07 50.0
13 01 43.3427 +29 02 40.480 298 Z160102  I4088  U8140      7099 12 59 19.32 +29 18 47.8  14.72  23.37  11.6 L 13 01 43.34 +29 02 40.5
13 01 46.9898 +28 05 41.441 299 Z160101                    5917 12 59 22.60 +28 21 48.7  15.42  22.87   5.1 E 13 01 46.99 +28 05 41.4
13 01 50.2306 +27 53 36.901 300 Z160100                    7616 12 59 25.77 +28 09 44.1  15.80  23.70   5.9 E 13 01 50.23 +27 53 36.9
13 01 52.9014 +28 59 07.462 301                                 12 59 28.88 +29 15 14.6  15.71  22.48   4.2 L 13 01 52.90 +28 59 07.5
13 01 53.6773 +27 37 28.165 302 Z160103  N4926  U8142      7751 12 59 29.12 +27 53 35.3  14.23  23.26  10.1 E 13 01 53.68 +27 37 28.2
13 01 57.4983 +28 00 21.141 303 Z160105  N4927             7583 12 59 33.10 +28 16 28.2  14.84  23.25   8.3 E 13 01 57.50 +28 00 21.1
13 02 00.0896 +27 46 57.389 304 Z160104                    7203 12 59 35.61 +28 03 04.4  15.84  22.65   3.9 E 13 02 00.09 +27 46 57.4
13 02 04.1840 +29 15 12.380 305 Z160107                    7412 12 59 40.30 +29 31 19.3  14.96  22.52   5.6 L 13 02 04.18 +29 15 12.4
13 02 07.1710 +27 16 24.620 305                                 12 59 42.51 +27 32 31.5  15.53  22.04   4.1   13 02 07.17 +27 16 24.6
13 02 07.8230 +27 38 53.836 306 Z160106  N4926A            7177 12 59 43.31 +27 55 00.7  15.39  23.00   5.8 U 13 02 07.82 +27 38 53.8
13 02 08.6295 +28 23 13.157 307 Z160109                    7613 12 59 44.41 +28 39 20.0  15.61  23.15   5.9 U 13 02 08.63 +28 23 13.2
13 02 12.7574 +28 12 53.435 308 Z160108                    8311 12 59 48.48 +28 29 00.2  15.76  22.94   5.7 L 13 02 12.76 +28 12 53.4
13 02 21.5189 +28 13 50.504 309 Z160110                    5721 12 59 57.27 +28 29 57.1  15.62  22.91   4.8 E 13 02 21.52 +28 13 50.5
13 02 24.1975 +28 59 26.462 310                                 13 00 00.26 +29 15 33.0  15.40  24.51  22.3 L 13 02 24.20 +28 59 26.5
13 02 38.4226 +28 06 51.329 311 Z160112  I4106             7443 13 00 14.17 +28 22 57.6  15.56  23.72   8.8 U 13 02 38.42 +28 06 51.3
13 02 40.8039 +28 22 16.377 312 Z160114                    7441 13 00 16.66 +28 38 22.6  15.61  23.17   6.6 L 13 02 40.80 +28 22 16.4
13 02 44.3452 +28 02 43.143 313 Z160113  N4929             6342 13 00 20.08 +28 18 49.3  15.12  23.44   7.8 E 13 02 44.35 +28 02 43.1
13 02 52.6955 +27 51 59.403 314 Z160115                    8170 13 00 28.38 +28 08 05.4  15.53  23.21   5.0 E 13 02 52.70 +27 51 59.4
13 02 56.4346 +28 04 14.877 315 Z160116                    7893 13 00 32.21 +28 20 20.8  15.93  23.49   6.6 U 13 02 56.43 +28 04 14.9
13 03 00.8390 +28 01 56.263 316 Z160118  N4931  U8154      5849 13 00 36.61 +28 18 02.1  14.31  23.09   7.1 E 13 03 00.84 +28 01 56.3
13 03 05.9596 +26 31 52.049 317 Z160117                    5965 13 00 41.15 +26 47 57.8  15.81  23.37   5.7 E 13 03 05.96 +26 31 52.0
13 03 09.6945 +28 35 00.640 318 Z160119                    6917 13 00 45.71 +28 51 06.3  15.49  23.06   5.2 E 13 03 09.69 +28 35 00.6
13 03 16.2212 +28 01 49.262 319 Z160120  N4934  U8160      6092 13 00 52.03 +28 17 54.8  15.21  22.90   6.7 L 13 03 16.22 +28 01 49.3
13 03 16.5689 +27 19 57.763 320                                 13 00 52.10 +27 36 03.3  15.99  23.13   5.7 L 13 03 16.57 +27 19 57.8
13 03 16.5233 +32 43 17.510 321                                 13 00 54.31 +32 59 23.0  15.98  24.06  11.3 L 13 03 16.52 +32 43 17.5
13 03 29.1077 +26 33 00.601 322 Z160121         U8161      6677 13 01 04.36 +26 49 05.9  15.40  23.51   8.5 U 13 03 29.11 +26 33 00.6
13 03 44.9175 +28 05 03.025 323 Z160122  N4943             5739 13 01 20.82 +28 21 08.0  15.63  23.25   5.8 E 13 03 44.92 +28 05 03.0
13 03 48.4133 +26 05 22.676 324 Z130004                   11203 13 01 23.53 +26 21 27.6  15.56  23.30   9.0 L 13 03 48.41 +26 05 22.7
13 03 49.9137 +28 11 08.424 325 Z160124  N4944  U8167      7111 13 01 25.87 +28 27 13.3  14.02  22.86   9.0 E 13 03 49.91 +28 11 08.4
13 03 50.7617 +27 59 18.139 326 Z160123  I4133             6330 13 01 26.64 +28 15 23.0  15.52  23.36   5.8 E 13 03 50.76 +27 59 18.1
13 04 10.1074 +28 14 51.524 327 Z160125                    5971 13 01 46.14 +28 30 56.0  15.56  23.64   6.7 E 13 04 10.11 +28 14 51.5
13 04 12.8726 +28 11 36.778 328                                 13 01 48.89 +28 27 41.2  15.66  22.73   4.2 E 13 04 12.87 +28 11 36.8
13 04 17.8747 +29 01 47.285 329                                 13 01 54.25 +29 17 51.6  15.72  23.60   7.3 E 13 04 17.87 +29 01 47.3
13 04 22.7730 +28 48 38.780 330 Z160128                    8050 13 01 59.07 +29 04 43.0  15.32  23.52   8.0 E 13 04 22.77 +28 48 38.8
13 04 23.0863 +28 50 55.886 331                                 13 01 59.40 +29 07 00.1  15.76  22.69   4.1 E 13 04 23.09 +28 50 55.9
13 04 26.2508 +27 18 16.235 332                                 13 02 01.94 +27 34 20.4  15.39  23.96  10.4 E 13 04 26.25 +27 18 16.2
13 04 26.5901 +27 18 15.642 333 Z160127                    5523 13 02 02.28 +27 34 19.8  15.52  23.62   8.6 U 13 04 26.59 +27 18 15.6
13 04 28.1354 +23 34 30.839 334                                 13 02 02.37 +23 50 35.0  15.77  23.58   9.3 L 13 04 28.14 +23 34 30.8
13 04 28.2401 +26 40 18.869 335 Z160126                   10814 13 02 03.68 +26 56 23.0  15.55  23.17   7.7 L 13 04 28.24 +26 40 18.9
13 04 58.3702 +29 07 19.093 336 Z160129  N4952  U8175      5919 13 02 34.89 +29 23 22.6  13.91  23.29   9.0 E 13 04 58.37 +29 07 19.1
13 05 12.3504 +27 34 10.860 337 Z160130  N4957  U8178      6876 13 02 48.26 +27 50 14.1  14.17  23.62  12.1 E 13 05 12.35 +27 34 10.9
13 05 16.0039 +25 57 32.318 338 Z130006                    6521 13 02 51.27 +26 13 35.5  15.35  23.14   8.4 L 13 05 16.00 +25 57 32.3
13 05 16.0643 +25 57 27.320 339                                 13 02 51.33 +26 13 30.5  15.06  23.15  10.0 L 13 05 16.06 +25 57 27.3
13 05 14.0951 +31 59 58.136 340                 U8179     15533 13 02 51.91 +32 16 01.3  14.88  23.29  11.3 L 13 05 14.10 +31 59 58.1
13 05 18.5612 +31 26 31.120 341 Z160133  I4166  U8180     10849 13 02 56.14 +31 42 34.2  15.16  23.32   8.8 L 13 05 18.56 +31 26 31.1
13 05 25.2357 +29 17 47.835 342 Z160132                    7158 13 03 01.90 +29 33 50.8  15.44  23.22   5.5 E 13 05 25.24 +29 17 47.8
13 05 33.6239 +29 07 53.303 343                                 13 03 10.24 +29 23 56.1  14.24  22.45   9.5 L 13 05 33.62 +29 07 53.3
13 05 47.6755 +27 44 02.875 344 Z160134  N4961  U8185      2533 13 03 23.74 +28 00 05.4  13.74  23.03  14.4 L 13 05 47.68 +27 44 02.9
13 05 59.5928 +29 16 43.731 345 Z160136                    7981 13 03 36.34 +29 32 46.0  15.33  23.42   6.1 E 13 05 59.59 +29 16 43.7
13 06 05.4703 +28 35 34.245 346 Z160135                    7994 13 03 41.94 +28 51 36.4  15.55  23.39   5.7 E 13 06 05.47 +28 35 34.2
13 06 15.1398 +25 27 38.413 347 Z130008                    7279 13 03 50.34 +25 43 40.4  15.18  22.46   6.5 L 13 06 15.14 +25 27 38.4
13 06 17.1993 +29 03 47.189 348 Z160137  N4966  U8194      7135 13 03 53.90 +29 19 49.1  14.37  22.28   9.3 L 13 06 17.20 +29 03 47.2
13 06 22.1893 +29 39 26.496 349                 U8195           13 03 59.16 +29 55 28.3  15.97  23.75   8.8 L 13 06 22.19 +29 39 26.5
13 06 35.5740 +27 10 06.648 350 Z160138                    7851 13 04 11.52 +27 26 08.2  15.88  23.80   7.0 E 13 06 35.57 +27 10 06.6
13 06 36.3969 +27 52 22.571 351                                 13 04 12.64 +28 08 24.1  15.76  23.69   7.7 E 13 06 36.40 +27 52 22.6
13 06 38.0379 +28 50 50.714 352                                 13 04 14.70 +29 06 52.2  15.71  23.46   7.7 L 13 06 38.04 +28 50 50.7
13 06 38.0774 +28 50 54.315 353 Z160139                    4837 13 04 14.74 +29 06 55.8  15.43  23.13   8.7 L 13 06 38.08 +28 50 54.3
13 06 54.9331 +28 32 52.759 354 Z160140  N4971             6399 13 04 31.51 +28 48 53.9  15.07  23.43   7.6 E 13 06 54.93 +28 32 52.8
13 07 13.1317 +28 02 48.931 355 Z160141                         13 04 49.54 +28 18 49.7  15.82  23.11   6.8 L 13 07 13.13 +28 02 48.9
13 07 27.2667 +26 43 22.812 356 Z160142                   11508 13 05 03.15 +26 59 23.3  15.80  23.55   9.9 L 13 07 27.27 +26 43 22.8
13 07 37.5049 +27 29 57.333 357 Z160143                    6655 13 05 13.74 +27 45 57.6  15.58  23.22   5.8 E 13 07 37.50 +27 29 57.3
13 07 37.8396 +32 46 30.490 358                                 13 05 16.44 +33 02 30.7  15.34  23.77  13.6 L 13 07 37.84 +32 46 30.5
13 07 42.7897 +24 48 38.318 359 Z130009  N4979  U8209      6331 13 05 17.92 +25 04 38.5  14.86  23.56  14.5 L 13 07 42.79 +24 48 38.3
13 07 48.0381 +23 37 12.616 360                                 13 05 22.70 +23 53 12.7  15.72  22.23   3.5 L 13 07 48.04 +23 37 12.6
13 07 50.0141 +27 20 07.692 361                                 13 05 26.21 +27 36 07.7  15.78  22.29   3.4 U 13 07 50.01 +27 20 07.7
13 07 57.8221 +28 42 36.969 362 Z160145                    7712 13 05 34.63 +28 58 36.8  15.65  23.50   5.3 E 13 07 57.82 +28 42 37.0
13 08 01.0799 +26 07 12.513 363                                 13 05 36.79 +26 23 12.3  15.85  23.61   8.0 L 13 08 01.08 +26 07 12.5
13 08 01.6179 +26 45 55.130 364 Z160144                   10343 13 05 37.60 +27 01 54.9  15.60  23.44   7.9 L 13 08 01.62 +26 45 55.1
13 08 14.1784 +27 30 57.601 365 Z160146                    7372 13 05 50.51 +27 46 57.1  15.43  23.62   8.5 E 13 08 14.18 +27 30 57.6
13 08 15.5110 +28 03 31.034 365                                 13 05 52.08 +28 19 30.5  15.96  21.93   4.1   13 08 15.51 +28 03 31.0
13 08 27.2576 +28 19 13.584 366 Z160147  N4983             6631 13 06 03.97 +28 35 12.8  15.05  23.29   9.1 L 13 08 27.26 +28 19 13.6
13 08 31.5793 +24 42 02.641 367 Z130012  I4202  U8220      7127 13 06 06.77 +24 58 01.8  15.05  23.34  10.5 L 13 08 31.58 +24 42 02.6
13 08 32.5764 +30 44 52.120 368                                 13 06 10.39 +31 00 51.2  15.88  23.40   7.2 L 13 08 32.58 +30 44 52.1
13 08 54.1798 +28 11 01.853 369 Z160148         U8229      5996 13 06 30.90 +28 27 00.5  14.57  23.39  13.3 L 13 08 54.18 +28 11 01.9
13 08 55.0187 +29 02 26.079 370 Z160150                    9410 13 06 32.12 +29 18 24.7  15.82  23.48   7.8 L 13 08 55.02 +29 02 26.1
13 08 57.4889 +28 44 00.429 371                                 13 06 34.46 +28 59 59.0  15.89  23.62   9.3 L 13 08 57.49 +28 44 00.4
13 08 58.2364 +28 03 15.938 372 Z160149                         13 06 34.91 +28 19 14.5  15.65  23.55   6.4 E 13 08 58.24 +28 03 15.9
13 09 07.9773 +26 46 29.033 372                                 13 06 44.12 +27 02 27.4  15.71  22.31   3.7   13 09 07.98 +26 46 29.0
13 09 16.0871 +29 22 02.431 373 Z160151                    6258 13 06 53.39 +29 38 00.6  15.47  22.87   5.1 E 13 09 16.09 +29 22 02.4
13 09 41.7757 +29 03 59.379 373                                 13 07 19.01 +29 19 57.0  15.87  22.24   3.5   13 09 41.78 +29 03 59.4
13 09 47.5830 +28 54 22.202 374 Z160152  N5000  U8241      5615 13 07 24.76 +29 10 19.7  13.99  23.77  18.6 U 13 09 47.58 +28 54 22.2
13 09 49.9921 +24 34 39.712 375 Z130014  I 854             7192 13 07 25.30 +24 50 37.2  15.05  23.22   9.7 L 13 09 49.99 +24 34 39.7
13 09 52.1261 +28 22 57.795 376                 U8244      7092 13 07 29.08 +28 38 55.2  15.69  24.11  13.3 L 13 09 52.13 +28 22 57.8
13 09 59.3351 +30 02 21.467 377 Z160153                   10459 13 07 37.06 +30 18 18.7  15.46  23.54   7.3 E 13 09 59.34 +30 02 21.5
13 09 59.4244 +30 02 24.468 378                                 13 07 37.15 +30 18 21.7  15.69  23.48   7.0 U 13 09 59.42 +30 02 24.5
13 10 05.7734 +25 11 01.258 378                                 13 07 41.37 +25 26 58.4  15.87  21.98   3.8   13 10 05.77 +25 11 01.3
13 10 20.1547 +32 28 58.341 379 Z160154         U8250      7846 13 07 59.10 +32 44 55.1  15.39  23.49   9.7 L 13 10 20.15 +32 28 58.3
13 10 20.6757 +31 26 37.542 380                                 13 07 59.12 +31 42 34.3  14.95  23.13   6.7 E 13 10 20.68 +31 26 37.5
13 10 45.9009 +23 24 44.612 381                                 13 08 20.84 +23 40 40.9  15.98  22.63   3.5 E 13 10 45.90 +23 24 44.6
13 10 47.6583 +29 42 34.512 382 Z160155  I4210             6364 13 08 25.36 +29 58 30.7  15.12  23.48  10.8 L 13 10 47.66 +29 42 34.5
13 11 01.4855 +29 38 11.414 383 Z160157  N5004  U8260      7141 13 08 39.19 +29 54 07.3  14.05  23.48   9.6 E 13 11 01.49 +29 38 11.4
13 11 01.6622 +29 34 41.317 384 Z160156  N5004A U8259      7262 13 08 39.34 +29 50 37.2  15.00  23.59  12.8 L 13 11 01.66 +29 34 41.3
13 11 36.7078 +31 30 28.707 385 Z160158                    7002 13 09 15.40 +31 46 23.8  14.57  23.49   8.0 E 13 11 36.71 +31 30 28.7
13 11 36.8737 +31 22 17.709 385                                 13 09 15.50 +31 38 12.8  15.51  22.40   3.6   13 11 36.87 +31 22 17.7
13 12 06.6778 +24 05 42.096 386 Z130019  N5016  U8279      2613 13 09 42.07 +24 21 36.6  13.36  23.18  17.9 L 13 12 06.68 +24 05 42.1
13 12 07.9342 +27 19 48.857 387 Z160159                    6127 13 09 44.75 +27 35 43.3  15.32  23.18   6.5 E 13 12 07.93 +27 19 48.9
13 12 23.0463 +30 49 54.229 387                                 13 10 01.54 +31 05 48.3  15.05  21.66   5.9   13 12 23.05 +30 49 54.2
13 12 25.8174 +28 32 15.167 388 Z160161                    6918 13 10 03.23 +28 48 09.2  15.77  23.42   6.8 L 13 12 25.82 +28 32 15.2
13 12 32.5756 +27 42 06.010 388                                 13 10 09.62 +27 57 59.9  14.29  20.92   4.3   13 12 32.58 +27 42 06.0
13 12 44.7141 +31 48 33.723 389 Z160162  N5025  U8292      6346 13 10 23.75 +32 04 27.3  14.28  23.30  15.5 L 13 12 44.71 +31 48 33.7
13 12 47.0751 +31 48 49.576 390                                 13 10 26.12 +32 04 43.1  15.86  23.77  11.6 L 13 12 47.08 +31 48 49.6
13 12 59.4865 +27 08 28.207 391 Z160163                    6863 13 10 36.34 +27 24 21.5  15.91  23.29   6.8 L 13 12 59.49 +27 08 28.2
13 12 58.1592 +31 15 29.719 392 Z160164         U8294      6073 13 10 36.96 +31 31 23.0  15.47  23.65  12.6 L 13 12 58.16 +31 15 29.7
13 13 07.7157 +26 34 15.987 392                                 13 10 44.33 +26 50 09.1  14.38  21.20   3.4   13 13 07.72 +26 34 16.0
13 13 20.7698 +30 33 33.222 393                                 13 10 59.29 +30 49 26.0  15.77  23.71  10.6 L 13 13 20.77 +30 33 33.2
13 13 21.1755 +30 19 10.829 394                            4868 13 10 59.58 +30 35 03.6  15.81  24.10  11.8 L 13 13 21.18 +30 19 10.8
13 13 25.5978 +27 45 47.102 395 Z160165                    6253 13 11 02.80 +28 01 39.8  15.42  23.58   8.4 E 13 13 25.60 +27 45 47.1
13 13 26.9563 +27 48 08.234 396 Z160166  N5032  U8300      6325 13 11 04.18 +28 04 00.9  13.98  23.32  17.7 L 13 13 26.96 +27 48 08.2
13 13 33.4619 +30 01 57.204 397                                 13 11 11.76 +30 17 49.7  15.94  23.54   7.1 L 13 13 33.46 +30 01 57.2
13 13 45.2223 +24 58 56.619 398 Z130021                    7163 13 11 21.21 +25 14 48.9  15.13  23.43   7.9 E 13 13 45.22 +24 58 56.6
13 14 23.6149 +30 29 01.952 399 Z160167                    6022 13 12 02.27 +30 44 53.3  14.78  23.20  11.0 L 13 14 23.61 +30 29 02.0
13 14 32.4505 +30 42 20.557 400 Z160168  N5041  U8319      7507 13 12 11.24 +30 58 11.7  14.20  23.43  14.0 L 13 14 32.45 +30 42 20.6
13 14 40.4795 +29 59 49.934 401 Z160169                    6960 13 12 18.94 +30 15 40.9  15.83  23.35   7.6 L 13 14 40.48 +29 59 49.9
13 14 53.4276 +27 00 28.601 402                                 13 12 30.49 +27 16 19.3  15.77  23.75   8.6 L 13 14 53.43 +27 00 28.6
13 15 03.5265 +24 37 07.809 403 Z130023  I 860             3878 13 12 39.52 +24 52 58.3  14.62  22.84   7.7 L 13 15 03.53 +24 37 07.8
13 15 06.8232 +23 37 19.675 404                                 13 12 42.38 +23 53 10.1  15.91  22.50   4.3 L 13 15 06.82 +23 37 19.7
13 15 08.1833 +30 24 13.177 405 Z160170                    6936 13 12 46.92 +30 40 03.5  15.53  23.24   5.7 E 13 15 08.18 +30 24 13.2
13 15 12.5717 +24 15 06.615 406                                 13 12 48.42 +24 30 56.9  14.59  21.32   3.4 L 13 15 12.57 +24 15 06.6
13 15 34.8437 +29 40 32.489 407 Z160171  N5052  U8330      6746 13 13 13.29 +29 56 22.2  14.37  23.45  10.5 E 13 15 34.84 +29 40 32.5
13 15 36.2849 +28 27 30.809 407                                 13 13 14.14 +28 43 20.5  14.74  21.35   4.2   13 15 36.28 +28 27 30.8
13 15 47.1302 +31 50 46.398 408                                 13 13 26.71 +32 06 35.8  14.95  23.04   9.1 L 13 15 47.13 +31 50 46.4
13 15 54.4541 +25 26 20.801 409                                 13 13 30.93 +25 42 10.1  15.52  23.63  12.9 L 13 15 54.45 +25 26 20.8
13 16 12.3011 +30 57 00.078 410 Z160173  N5056  U8337      5600 13 13 51.49 +31 12 48.9  13.77  23.00  14.6 L 13 16 12.30 +30 57 00.1
13 16 16.7805 +25 24 19.624 411 Z130024  I4215  U8336      3781 13 13 53.29 +25 40 08.4  14.98  23.07   7.7 L 13 16 16.78 +25 24 19.6
13 16 15.8700 +30 15 51.054 412 Z160174                   14809 13 13 54.72 +30 31 39.8  15.06  22.61   5.7 L 13 16 15.87 +30 15 51.1
13 16 20.4973 +30 40 41.567 413 Z160175                    5661 13 13 59.57 +30 56 30.2  15.15  23.39   8.6 U 13 16 20.50 +30 40 41.6
13 16 27.7763 +31 01 53.142 414 Z160176  N5057  U8342      5823 13 14 07.05 +31 17 41.6  14.31  23.49   8.8 E 13 16 27.78 +31 01 53.1
13 16 44.2787 +24 24 33.061 415                                 13 14 20.39 +24 40 21.2  15.82  22.62   5.0 L 13 16 44.28 +24 24 33.1
13 16 41.9431 +31 22 01.180 416                                 13 14 21.43 +31 37 49.3  15.77  23.94   9.5 U 13 16 41.94 +31 22 01.2
13 16 50.5712 +31 37 49.687 417                                 13 14 30.22 +31 53 37.6  15.87  23.05   5.9 L 13 16 50.57 +31 37 49.7
13 16 51.3150 +31 34 51.704 418                                 13 14 30.94 +31 50 39.6  15.39  22.88   7.3 L 13 16 51.31 +31 34 51.7
13 17 10.6596 +30 32 33.651 419 Z160179                    9506 13 14 49.80 +30 48 21.1  15.33  23.04   6.8 L 13 17 10.66 +30 32 33.7
13 17 21.2332 +31 03 33.109 420 Z160180                    5581 13 15 00.67 +31 19 20.3  15.68  23.02   5.5 L 13 17 21.23 +31 03 33.1
13 17 30.5998 +31 05 33.132 421 Z160181  N5065  U8356      5568 13 15 10.08 +31 21 20.1  14.20  22.97  13.3 L 13 17 30.60 +31 05 33.1
13 17 45.1698 +27 34 10.842 422 Z160182         U8359           13 15 22.91 +27 49 57.5  15.01  23.37   8.7 U 13 17 45.17 +27 34 10.8
13 18 12.2177 +28 45 05.304 423                                 13 15 50.61 +29 00 51.3  15.96  23.30   5.8 L 13 18 12.22 +28 45 05.3
13 18 25.8270 +31 28 05.362 424                                 13 16 05.66 +31 43 51.0  14.59  22.77   8.1 L 13 18 25.83 +31 28 05.4
13 18 28.6141 +31 46 36.533 425                            4543 13 16 08.62 +32 02 22.1  15.37  23.53   7.3 E 13 18 28.61 +31 46 36.5
13 18 31.6899 +31 20 15.902 426 Z160183                   13881 13 16 11.47 +31 36 01.4  15.33  23.38   6.2 E 13 18 31.69 +31 20 15.9
13 18 37.0650 +30 51 54.727 427                                 13 16 16.61 +31 07 40.1  15.26  23.61   6.0 E 13 18 37.06 +30 51 54.7
13 18 40.2365 +31 32 33.711 428                                 13 16 20.15 +31 48 19.0  15.81  23.37   6.5 L 13 18 40.24 +31 32 33.7
13 18 46.3918 +27 43 56.418 429 Z160188         U8363      2458 13 16 24.36 +27 59 41.6  15.45  23.96  13.3 L 13 18 46.39 +27 43 56.4
13 18 59.6774 +30 46 50.774 430                                 13 16 39.24 +31 02 35.6  15.38  23.58   6.0 E 13 18 59.68 +30 46 50.8
13 19 01.2963 +27 53 29.982 431 Z160189                         13 16 39.38 +28 09 14.8  15.95  23.69   8.4 L 13 19 01.30 +27 53 30.0
13 19 04.8503 +23 37 33.621 432                                 13 16 40.89 +23 53 18.4  16.00  23.49   8.0 L 13 19 04.85 +23 37 33.6
13 19 08.5427 +25 28 14.831 432                                 13 16 45.46 +25 43 59.5  15.20  21.44   3.5   13 19 08.54 +25 28 14.8
13 19 05.9852 +31 08 51.432 433                                 13 16 45.76 +31 24 36.1  15.89  23.04   5.0 U 13 19 05.99 +31 08 51.4
13 19 08.2201 +28 30 24.457 434 Z160192  N5081  U8366      6630 13 16 46.63 +28 46 09.1  14.14  23.47  18.3 L 13 19 08.22 +28 30 24.5
13 19 38.2707 +30 15 13.510 434                                 13 17 17.66 +30 30 57.4  15.34  22.57   3.8   13 19 38.27 +30 15 13.5
13 19 39.2965 +30 15 23.135 435 Z160194  N5089  U8371      2119 13 17 18.69 +30 31 07.0  14.08  23.10  10.4 E 13 19 39.30 +30 15 23.1
13 19 44.5645 +26 35 53.724 435                                 13 17 22.11 +26 51 37.5  15.04  20.30   4.1 L 13 19 44.56 +26 35 53.7
13 19 44.1630 +32 05 52.776 436                                 13 17 24.56 +32 21 36.5  15.86  23.76   8.6 L 13 19 44.16 +32 05 52.8
13 19 47.6219 +30 49 32.946 437                                 13 17 27.34 +31 05 16.6  15.99  23.09   5.3 L 13 19 47.62 +30 49 32.9
13 19 56.3435 +30 07 07.752 438 Z160197         U8377      7021 13 17 35.71 +30 22 51.2  15.19  23.47   7.2 E 13 19 56.34 +30 07 07.8
13 19 58.2476 +28 14 48.678 439                                 13 17 36.65 +28 30 32.1  15.66  22.79   5.1 L 13 19 58.25 +28 14 48.7
13 19 58.8690 +29 25 37.807 440 Z160196                    9438 13 17 37.88 +29 41 21.2  15.67  23.00   5.9 L 13 19 58.87 +29 25 37.8
13 20 00.9988 +31 58 51.488 441                                 13 17 41.38 +32 14 34.8  14.99  23.32   8.0 E 13 20 01.00 +31 58 51.5
13 20 14.8103 +30 59 15.117 442                            7158 13 17 54.69 +31 14 58.1  15.02  23.61   7.3 E 13 20 14.81 +30 59 15.1
13 20 15.0869 +30 53 58.623 443                                 13 17 54.92 +31 09 41.6  15.70  23.16   6.3 L 13 20 15.09 +30 53 58.6
13 20 21.5256 +31 30 53.389 444                                 13 18 01.71 +31 46 36.2  14.71  23.23  11.1 L 13 20 21.53 +31 30 53.4
13 20 26.2935 +23 51 52.621 445                                 13 18 02.61 +24 07 35.4  15.94  22.72   5.5 L 13 20 26.29 +23 51 52.6
13 20 25.6474 +30 36 09.881 446                                 13 18 05.35 +30 51 52.6  15.63  22.82   5.8 L 13 20 25.65 +30 36 09.9
13 20 28.8938 +31 21 06.669 447                                 13 18 09.01 +31 36 49.3  15.59  23.53   6.6 E 13 20 28.89 +31 21 06.7
13 20 30.4417 +32 00 13.515 448                                 13 18 10.92 +32 15 56.1  15.24  23.07   4.9 E 13 20 30.44 +32 00 13.5
13 20 51.7917 +31 21 59.338 449                                 13 18 31.98 +31 37 41.4  15.84  23.24   6.4 L 13 20 51.79 +31 21 59.3
13 20 53.5914 +32 11 25.892 450                                 13 18 34.24 +32 27 07.9  15.64  23.51   7.1 E 13 20 53.59 +32 11 25.9
