SSPs   Mgb  e_Mgb   Fe5270  e_Fe5270   Fe5335  e_Fe5335
m22ssp005.spec     0.00   0.00     0.00   0.00     0.00   0.00
m22ssp010.spec     0.00   0.00     0.00   0.00     0.00   0.00
m22ssp015.spec     0.00   0.00     0.00   0.00     0.00   0.00
m22ssp020.spec     0.00   0.00     0.00   0.00     0.00   0.00
m22ssp025.spec     0.00   0.00     0.00   0.00     0.00   0.00
m22ssp030.spec     0.00   0.00     0.00   0.00     0.00   0.00
m22ssp035.spec     0.00   0.00     0.00   0.00     0.00   0.00
m22ssp040.spec     0.00   0.00     0.00   0.00     0.00   0.00
m22ssp045.spec     0.80   0.11     0.67   0.17     0.66   0.15
m22ssp050.spec     0.61   0.09     0.63   0.09     0.68   0.05
m22ssp055.spec     0.35   0.06     0.41   0.06     0.47   0.03
m22ssp060.spec     0.00   0.00     0.00   0.00     0.00   0.00
m22ssp065.spec     0.00   0.00     0.00   0.00     0.00   0.00
m22ssp070.spec     0.00   0.00     0.00   0.00     0.00   0.00
m22ssp075.spec     0.00   0.00     0.00   0.00     0.00   0.00
m22ssp080.spec     0.03   0.04     0.03   0.02     0.00   0.00
m22ssp085.spec     0.09   0.05     0.06   0.02     0.00   0.00
m22ssp090.spec     0.25   0.04     0.07   0.04     0.01   0.04
m22ssp095.spec     0.42   0.05     0.06   0.07     0.04   0.05
m22ssp100.spec     0.44   0.04     0.07   0.07     0.05   0.05
m22ssp105.spec     0.45   0.04     0.09   0.08     0.07   0.05
m22ssp110.spec     0.44   0.05     0.11   0.07     0.11   0.05
m22ssp115.spec     0.47   0.04     0.16   0.06     0.19   0.06
m22ssp120.spec     0.43   0.03     0.36   0.06     0.41   0.03
m22ssp125.spec     0.44   0.02     0.19   0.06     0.29   0.03
m22ssp130.spec     0.49   0.02     0.18   0.05     0.30   0.02
m22ssp135.spec     0.61   0.02     0.25   0.05     0.34   0.03
m22ssp140.spec     0.69   0.05     0.52   0.06     0.52   0.03
m22ssp145.spec     0.73   0.05     0.55   0.07     0.53   0.03
m22ssp150.spec     0.75   0.05     0.56   0.07     0.54   0.03
m22ssp155.spec     0.82   0.05     0.61   0.07     0.57   0.03
m22ssp160.spec     0.85   0.07     0.74   0.08     0.67   0.03
m22ssp165.spec     0.85   0.08     0.78   0.08     0.68   0.04
m22ssp170.spec     0.86   0.07     0.73   0.07     0.66   0.03
m22ssp175.spec     0.86   0.07     0.71   0.08     0.64   0.03
m22ssp180.spec     0.87   0.07     0.72   0.07     0.64   0.03
m22ssp185.spec     0.89   0.07     0.71   0.07     0.65   0.03
m22ssp190.spec     0.89   0.07     0.72   0.07     0.65   0.03
m22ssp195.spec     0.90   0.07     0.72   0.08     0.66   0.03
m22ssp200.spec     0.92   0.07     0.76   0.08     0.67   0.03
m22ssp205.spec     0.94   0.09     0.79   0.07     0.70   0.03
m22ssp210.spec     0.96   0.08     0.81   0.08     0.72   0.03
m22ssp215.spec     0.98   0.09     0.82   0.08     0.74   0.03
m22ssp220.spec     0.98   0.09     0.85   0.09     0.77   0.03
m32ssp005.spec     0.00   0.00     0.00   0.00     0.00   0.00
m32ssp010.spec     0.00   0.00     0.00   0.00     0.00   0.00
m32ssp015.spec     0.00   0.00     0.00   0.00     0.00   0.00
m32ssp020.spec     0.00   0.00     0.00   0.00     0.00   0.00
m32ssp025.spec     0.00   0.00     0.00   0.00     0.00   0.00
m32ssp030.spec     0.00   0.00     0.00   0.00     0.00   0.00
m32ssp035.spec     0.00   0.00     0.00   0.00     0.00   0.00
m32ssp040.spec     0.00   0.00     0.00   0.00     0.00   0.00
m32ssp045.spec     0.31   0.04     0.18   0.08     0.15   0.06
m32ssp050.spec     0.33   0.04     0.28   0.06     0.32   0.04
m32ssp055.spec     0.14   0.02     0.07   0.04     0.10   0.03
m32ssp060.spec     0.00   0.00     0.01   0.02     0.01   0.02
m32ssp065.spec     0.00   0.00     0.02   0.01     0.00   0.00
m32ssp070.spec     0.00   0.00     0.04   0.02     0.00   0.02
m32ssp075.spec     0.20   0.03     0.13   0.05     0.08   0.03
m32ssp080.spec     0.26   0.04     0.18   0.05     0.11   0.03
m32ssp085.spec     0.29   0.04     0.20   0.06     0.13   0.03
m32ssp090.spec     0.36   0.05     0.23   0.06     0.15   0.04
m32ssp095.spec     0.45   0.05     0.25   0.08     0.18   0.05
m32ssp100.spec     0.48   0.05     0.22   0.07     0.17   0.05
m32ssp105.spec     0.49   0.05     0.22   0.07     0.17   0.04
m32ssp110.spec     0.49   0.04     0.20   0.07     0.16   0.05
m32ssp115.spec     0.49   0.02     0.22   0.08     0.23   0.04
m32ssp120.spec     0.54   0.03     0.29   0.07     0.36   0.04
m32ssp125.spec     0.56   0.02     0.29   0.06     0.36   0.03
m32ssp130.spec     0.59   0.03     0.26   0.06     0.35   0.03
m32ssp135.spec     0.75   0.04     0.42   0.05     0.40   0.03
m32ssp140.spec     0.84   0.06     0.63   0.07     0.61   0.03
m32ssp145.spec     0.83   0.06     0.70   0.08     0.66   0.03
m32ssp150.spec     0.81   0.07     0.72   0.08     0.71   0.04
m32ssp155.spec     0.82   0.08     0.77   0.07     0.77   0.04
m32ssp160.spec     0.89   0.08     0.93   0.08     0.85   0.04
m32ssp165.spec     0.97   0.10     0.95   0.08     0.88   0.04
m32ssp170.spec     1.05   0.10     0.97   0.10     0.89   0.04
m32ssp175.spec     1.06   0.10     0.97   0.09     0.88   0.04
m32ssp180.spec     1.09   0.10     0.97   0.10     0.88   0.04
m32ssp185.spec     1.09   0.10     0.99   0.09     0.89   0.04
m32ssp190.spec     1.11   0.11     1.00   0.09     0.91   0.04
m32ssp195.spec     1.12   0.10     1.03   0.10     0.92   0.05
m32ssp200.spec     1.11   0.10     1.04   0.11     0.94   0.04
m32ssp205.spec     1.12   0.11     1.04   0.09     0.95   0.04
m32ssp210.spec     1.13   0.10     1.06   0.11     0.97   0.04
m32ssp215.spec     1.16   0.10     1.06   0.10     0.98   0.04
m32ssp220.spec     1.16   0.12     1.08   0.09     0.99   0.04
m42ssp005.spec     0.00   0.00     0.00   0.00     0.00   0.00
m42ssp010.spec     0.00   0.00     0.00   0.00     0.00   0.00
m42ssp015.spec     0.00   0.00     0.00   0.00     0.00   0.00
m42ssp020.spec     0.00   0.00     0.00   0.00     0.00   0.00
m42ssp025.spec     0.00   0.00     0.00   0.00     0.00   0.00
m42ssp030.spec     0.00   0.00     0.00   0.00     0.00   0.00
m42ssp035.spec     0.00   0.00     0.00   0.00     0.00   0.00
m42ssp040.spec     0.00   0.00     0.00   0.00     0.00   0.00
m42ssp045.spec     0.60   0.08     0.47   0.19     0.36   0.12
m42ssp050.spec     0.60   0.06     0.38   0.18     0.31   0.11
m42ssp055.spec     0.31   0.05     0.23   0.09     0.19   0.08
m42ssp060.spec     0.63   0.05     0.37   0.15     0.35   0.10
m42ssp065.spec     0.75   0.07     0.64   0.14     0.60   0.09
m42ssp070.spec     0.64   0.10     1.06   0.16     0.99   0.11
m42ssp075.spec     0.52   0.10     0.92   0.12     0.81   0.08
m42ssp080.spec     0.30   0.10     0.89   0.10     0.73   0.07
m42ssp085.spec     0.39   0.11     1.10   0.14     0.94   0.09
m42ssp090.spec     0.61   0.15     1.24   0.15     1.10   0.09
m42ssp095.spec     0.78   0.13     1.38   0.18     1.31   0.12
m42ssp100.spec     0.79   0.14     1.42   0.18     1.33   0.10
m42ssp105.spec     0.83   0.13     1.32   0.17     1.26   0.11
m42ssp110.spec     0.90   0.08     0.99   0.12     1.01   0.08
m42ssp115.spec     0.89   0.06     0.80   0.11     0.83   0.07
m42ssp120.spec     0.85   0.07     0.77   0.11     0.73   0.09
m42ssp125.spec     1.07   0.07     0.92   0.09     0.88   0.07
m42ssp130.spec     1.13   0.08     0.96   0.09     0.81   0.08
m42ssp135.spec     1.36   0.09     1.20   0.11     1.03   0.08
m42ssp140.spec     1.79   0.14     1.87   0.16     1.69   0.09
m42ssp145.spec     1.68   0.16     2.00   0.15     1.84   0.10
m42ssp150.spec     1.92   0.17     2.00   0.16     1.84   0.10
m42ssp155.spec     2.13   0.19     2.07   0.17     1.87   0.10
m42ssp160.spec     2.30   0.19     2.12   0.18     1.92   0.09
m42ssp165.spec     2.39   0.18     2.18   0.16     2.01   0.10
m42ssp170.spec     2.52   0.20     2.23   0.17     2.08   0.10
m42ssp175.spec     2.61   0.23     2.26   0.21     2.10   0.11
m42ssp180.spec     2.76   0.23     2.31   0.18     2.16   0.11
m42ssp185.spec     2.88   0.20     2.36   0.19     2.19   0.11
m42ssp190.spec     3.03   0.23     2.39   0.22     2.21   0.12
m42ssp195.spec     3.06   0.22     2.38   0.20     2.22   0.11
m42ssp200.spec     3.02   0.24     2.43   0.19     2.24   0.11
m42ssp205.spec     3.05   0.21     2.37   0.19     2.24   0.11
m42ssp210.spec     3.02   0.23     2.38   0.19     2.24   0.10
m42ssp215.spec     3.01   0.21     2.37   0.23     2.25   0.10
m42ssp220.spec     2.96   0.23     2.42   0.20     2.25   0.10
m52ssp005.spec     0.00   0.00     0.00   0.00     0.00   0.01
m52ssp010.spec     0.00   0.00     0.00   0.00     0.00   0.01
m52ssp015.spec     0.00   0.00     0.00   0.00     0.00   0.01
m52ssp020.spec     0.00   0.00     0.00   0.00     0.00   0.02
m52ssp025.spec     0.00   0.00     0.00   0.00     0.00   0.01
m52ssp030.spec     0.00   0.00     0.00   0.00     0.00   0.01
m52ssp035.spec     0.00   0.00     0.00   0.00     0.00   0.00
m52ssp040.spec     0.00   0.00     0.00   0.00     0.00   0.00
m52ssp045.spec     0.00   0.00     0.00   0.01     0.00   0.00
m52ssp050.spec     0.02   0.02     0.09   0.03     0.08   0.03
m52ssp055.spec     0.03   0.02     0.23   0.03     0.17   0.02
m52ssp060.spec     0.59   0.10     1.21   0.14     1.10   0.14
m52ssp065.spec     0.61   0.10     1.11   0.15     1.09   0.12
m52ssp070.spec     0.45   0.07     0.72   0.09     0.85   0.05
m52ssp075.spec     0.43   0.06     0.64   0.07     0.80   0.05
m52ssp080.spec     0.43   0.05     0.61   0.08     0.85   0.06
m52ssp085.spec     0.57   0.06     0.73   0.10     1.03   0.07
m52ssp090.spec     0.61   0.07     0.75   0.10     1.08   0.08
m52ssp095.spec     0.65   0.07     0.80   0.10     1.12   0.08
m52ssp100.spec     0.61   0.06     0.76   0.10     1.06   0.08
m52ssp105.spec     0.63   0.06     0.74   0.09     1.03   0.07
m52ssp110.spec     0.55   0.05     0.67   0.10     0.89   0.08
m52ssp115.spec     0.58   0.05     0.73   0.10     0.82   0.08
m52ssp120.spec     0.71   0.06     0.75   0.10     0.83   0.07
m52ssp125.spec     0.99   0.09     1.04   0.12     1.06   0.08
m52ssp130.spec     1.05   0.10     1.39   0.14     1.31   0.13
m52ssp135.spec     1.22   0.12     1.77   0.17     1.63   0.12
m52ssp140.spec     2.27   0.19     2.41   0.19     2.24   0.13
m52ssp145.spec     2.24   0.20     2.43   0.21     2.22   0.13
m52ssp150.spec     2.41   0.21     2.57   0.23     2.40   0.13
m52ssp155.spec     2.27   0.24     2.58   0.20     2.43   0.12
m52ssp160.spec     2.28   0.24     2.48   0.21     2.37   0.14
m52ssp165.spec     2.49   0.24     2.64   0.24     2.48   0.14
m52ssp170.spec     2.58   0.23     2.67   0.24     2.50   0.13
m52ssp175.spec     2.67   0.26     2.68   0.25     2.54   0.13
m52ssp180.spec     2.74   0.22     2.71   0.24     2.57   0.13
m52ssp185.spec     2.87   0.23     2.79   0.25     2.63   0.13
m52ssp190.spec     2.98   0.22     2.91   0.22     2.66   0.12
m52ssp195.spec     3.12   0.24     2.89   0.23     2.72   0.13
m52ssp200.spec     3.18   0.26     3.00   0.27     2.76   0.12
m52ssp205.spec     3.21   0.23     2.92   0.25     2.78   0.13
m52ssp210.spec     3.21   0.26     2.94   0.26     2.81   0.13
m52ssp215.spec     3.25   0.24     2.95   0.25     2.82   0.14
m52ssp220.spec     3.25   0.22     2.98   0.26     2.82   0.13
m62ssp005.spec     0.00   0.00     0.02   0.01     0.00   0.00
m62ssp010.spec     0.00   0.00     0.02   0.01     0.00   0.00
m62ssp015.spec     0.00   0.00     0.02   0.01     0.00   0.00
m62ssp020.spec     0.00   0.00     0.04   0.01     0.00   0.00
m62ssp025.spec     0.00   0.00     0.04   0.01     0.00   0.00
m62ssp030.spec     0.00   0.00     0.04   0.01     0.00   0.00
m62ssp035.spec     0.00   0.00     0.04   0.01     0.00   0.00
m62ssp040.spec     0.00   0.00     0.03   0.01     0.00   0.00
m62ssp045.spec     0.00   0.00     0.05   0.01     0.00   0.00
m62ssp050.spec     0.27   0.03     0.11   0.05     0.06   0.04
m62ssp055.spec     0.34   0.04     0.28   0.07     0.20   0.05
m62ssp060.spec     0.50   0.07     0.67   0.08     0.64   0.06
m62ssp065.spec     0.71   0.12     0.93   0.09     1.05   0.07
m62ssp070.spec     0.85   0.15     1.20   0.13     1.35   0.08
m62ssp075.spec     0.84   0.12     1.04   0.13     1.14   0.11
m62ssp080.spec     0.82   0.12     1.25   0.13     1.35   0.09
m62ssp085.spec     0.74   0.13     1.11   0.12     1.28   0.09
m62ssp090.spec     0.78   0.11     1.13   0.11     1.31   0.09
m62ssp095.spec     0.67   0.10     0.98   0.11     1.15   0.08
m62ssp100.spec     0.66   0.09     1.02   0.09     1.16   0.09
m62ssp105.spec     0.70   0.08     1.03   0.10     1.18   0.10
m62ssp110.spec     0.62   0.08     0.98   0.11     1.11   0.08
m62ssp115.spec     0.66   0.08     0.99   0.11     1.13   0.08
m62ssp120.spec     0.74   0.08     1.01   0.11     1.12   0.08
m62ssp125.spec     1.00   0.10     1.24   0.13     1.35   0.09
m62ssp130.spec     1.09   0.12     1.57   0.17     1.56   0.11
m62ssp135.spec     1.29   0.15     2.13   0.19     2.07   0.13
m62ssp140.spec     1.94   0.23     2.55   0.23     2.45   0.14
m62ssp145.spec     2.19   0.23     2.75   0.20     2.67   0.15
m62ssp150.spec     2.49   0.23     2.84   0.26     2.79   0.14
m62ssp155.spec     2.80   0.27     3.11   0.22     3.05   0.16
m62ssp160.spec     2.98   0.24     3.10   0.27     3.08   0.16
m62ssp165.spec     3.17   0.25     3.20   0.26     3.18   0.13
m62ssp170.spec     3.29   0.29     3.28   0.27     3.27   0.16
m62ssp175.spec     3.38   0.26     3.39   0.30     3.38   0.15
m62ssp180.spec     3.55   0.28     3.43   0.29     3.43   0.16
m62ssp185.spec     3.65   0.32     3.50   0.32     3.49   0.16
m62ssp190.spec     3.77   0.35     3.59   0.28     3.56   0.13
m62ssp195.spec     3.85   0.32     3.63   0.28     3.61   0.14
m62ssp200.spec     3.93   0.32     3.72   0.31     3.68   0.16
m62ssp205.spec     4.00   0.38     3.68   0.31     3.71   0.17
m62ssp210.spec     3.99   0.32     3.73   0.30     3.76   0.17
m62ssp215.spec     4.08   0.37     3.76   0.29     3.85   0.16
m62ssp220.spec     4.06   0.33     3.78   0.32     3.84   0.16
m72ssp005.spec     0.00   0.00     0.05   0.02     0.00   0.00
m72ssp010.spec     0.00   0.00     0.05   0.01     0.00   0.00
m72ssp015.spec     0.00   0.00     0.05   0.01     0.00   0.00
m72ssp020.spec     0.00   0.00     0.06   0.01     0.00   0.00
m72ssp025.spec     0.00   0.00     0.06   0.01     0.00   0.00
m72ssp030.spec     0.00   0.00     0.07   0.02     0.00   0.00
m72ssp035.spec     0.00   0.00     0.10   0.01     0.00   0.00
m72ssp040.spec     0.02   0.06     0.10   0.02     0.00   0.00
m72ssp045.spec     0.00   0.00     0.20   0.02     0.03   0.02
m72ssp050.spec     0.06   0.02     0.24   0.03     0.08   0.03
m72ssp055.spec     0.40   0.05     0.51   0.05     0.38   0.06
m72ssp060.spec     1.04   0.11     1.09   0.09     1.04   0.10
m72ssp065.spec     0.78   0.10     0.83   0.08     0.80   0.09
m72ssp070.spec     0.34   0.05     0.25   0.04     0.16   0.08
m72ssp075.spec     0.33   0.05     0.24   0.05     0.17   0.07
m72ssp080.spec     0.32   0.05     0.26   0.04     0.22   0.07
m72ssp085.spec     0.40   0.05     0.36   0.04     0.33   0.06
m72ssp090.spec     0.44   0.06     0.41   0.05     0.49   0.05
m72ssp095.spec     0.45   0.06     0.46   0.07     0.69   0.06
m72ssp100.spec     0.49   0.07     0.53   0.08     0.86   0.07
m72ssp105.spec     0.46   0.06     0.56   0.09     0.93   0.08
m72ssp110.spec     0.49   0.08     0.62   0.08     0.95   0.10
m72ssp115.spec     0.58   0.07     0.76   0.09     0.95   0.09
m72ssp120.spec     0.78   0.08     1.00   0.10     1.09   0.09
m72ssp125.spec     1.10   0.11     1.49   0.14     1.52   0.10
m72ssp130.spec     1.49   0.18     2.12   0.19     2.01   0.16
m72ssp135.spec     2.18   0.26     2.68   0.22     2.50   0.14
m72ssp140.spec     2.94   0.27     3.04   0.24     2.91   0.15
m72ssp145.spec     3.16   0.27     3.09   0.27     3.01   0.15
m72ssp150.spec     3.39   0.28     3.36   0.23     3.13   0.16
m72ssp155.spec     3.90   0.32     3.59   0.28     3.49   0.17
m72ssp160.spec     4.10   0.34     3.69   0.24     3.57   0.16
m72ssp165.spec     4.26   0.35     3.80   0.32     3.74   0.18
m72ssp170.spec     4.34   0.39     3.83   0.31     3.76   0.17
m72ssp175.spec     4.42   0.34     3.83   0.27     3.80   0.16
m72ssp180.spec     4.45   0.39     3.92   0.34     3.85   0.16
m72ssp185.spec     4.52   0.40     4.03   0.35     3.92   0.16
m72ssp190.spec     4.66   0.38     3.95   0.34     3.99   0.15
m72ssp195.spec     4.79   0.38     4.02   0.32     4.05   0.16
m72ssp200.spec     4.80   0.42     4.13   0.34     4.11   0.14
m72ssp205.spec     4.84   0.44     4.16   0.31     4.10   0.19
m72ssp210.spec     4.89   0.39     4.11   0.34     4.13   0.16
m72ssp215.spec     4.81   0.41     4.17   0.31     4.10   0.16
m72ssp220.spec     4.93   0.45     4.24   0.34     4.12   0.16